Generation,Best,Time,Total_Time
0,506,0.321,0.321
1,506,0.146,0.467
2,506,0.129,0.596
3,506,0.110,0.706
4,506,0.088,0.794
5,506,0.077,0.871
6,506,0.083,0.954
7,506,0.083,1.037
8,506,0.072,1.109
9,506,0.075,1.184
10,506,0.061,1.245
11,506,0.073,1.318
12,506,0.084,1.402
13,506,0.076,1.478
14,506,0.075,1.553
15,506,0.082,1.635
16,506,0.076,1.711
17,506,0.083,1.794
18,506,0.063,1.857
19,506,0.072,1.929
20,506,0.074,2.003
21,506,0.072,2.075
22,506,0.070,2.145
23,506,0.074,2.219
24,506,0.077,2.296
25,506,0.079,2.375
26,506,0.071,2.446
27,506,0.146,2.592
28,506,0.082,2.674
29,506,0.098,2.772
30,506,0.067,2.839
31,506,0.081,2.920
32,506,0.078,2.998
33,506,0.075,3.073
34,506,0.088,3.161
35,506,0.085,3.246
36,506,0.082,3.328
37,506,0.076,3.404
38,506,0.095,3.499
39,506,0.082,3.581
40,506,0.082,3.663
41,506,0.073,3.736
42,506,0.077,3.813
43,506,0.067,3.880
44,506,0.067,3.947
45,506,0.074,4.021
46,506,0.080,4.101
47,506,0.071,4.172
48,506,0.081,4.253
49,506,0.065,4.318
50,506,0.076,4.394
51,506,0.076,4.470
52,506,0.081,4.551
53,506,0.086,4.637
54,506,0.086,4.723
55,506,0.079,4.802
56,506,0.080,4.882
57,506,0.077,4.959
58,506,0.090,5.049
59,506,0.098,5.147
60,506,0.087,5.234
61,506,0.090,5.324
62,506,0.090,5.414
63,506,0.079,5.493
64,506,0.080,5.573
65,506,0.086,5.659
66,506,0.082,5.741
67,506,0.085,5.826
68,506,0.090,5.916
69,506,0.082,5.998
70,506,0.068,6.066
71,506,0.087,6.153
72,506,0.074,6.227
73,506,0.074,6.301
74,506,0.086,6.387
75,506,0.093,6.480
76,506,0.085,6.565
77,506,0.080,6.645
78,506,0.083,6.728
79,506,0.090,6.818
80,506,0.074,6.892
81,506,0.090,6.982
82,506,0.080,7.062
83,506,0.091,7.153
84,506,0.089,7.242
85,506,0.097,7.339
86,506,0.082,7.421
87,506,0.092,7.513
88,506,0.084,7.597
89,506,0.079,7.676
90,506,0.084,7.760
91,506,0.080,7.840
92,506,0.096,7.936
93,506,0.101,8.037
94,506,0.101,8.138
95,506,0.096,8.234
96,506,0.088,8.322
97,506,0.082,8.404
98,506,0.080,8.484
99,506,0.085,8.569
100,506,0.074,8.643
101,506,0.088,8.731
102,506,0.089,8.820
103,506,0.082,8.902
104,506,0.082,8.984
105,506,0.145,9.129
106,506,0.083,9.212
107,506,0.088,9.300
108,506,0.079,9.379
109,506,0.067,9.446
110,506,0.083,9.529
111,506,0.078,9.607
112,506,0.084,9.691
113,506,0.079,9.770
114,506,0.093,9.863
115,506,0.084,9.947
116,506,0.080,10.027
117,506,0.102,10.129
118,506,0.096,10.225
119,506,0.097,10.322
120,506,0.082,10.404
121,506,0.081,10.485
122,506,0.094,10.579
123,506,0.106,10.685
124,506,0.092,10.777
125,506,0.094,10.871
126,506,0.098,10.969
127,506,0.094,11.063
128,506,0.095,11.158
129,506,0.079,11.237
130,506,0.127,11.364
131,506,0.099,11.463
132,506,0.073,11.536
133,506,0.071,11.607
134,506,0.081,11.688
135,506,0.074,11.762
136,506,0.072,11.834
137,506,0.091,11.925
138,506,0.078,12.003
139,506,0.084,12.087
140,506,0.077,12.164
141,506,0.093,12.257
142,506,0.086,12.343
143,506,0.073,12.416
144,506,0.087,12.503
145,506,0.119,12.622
146,506,0.114,12.736
147,506,0.098,12.834
148,506,0.087,12.921
149,506,0.074,12.995
150,506,0.084,13.079
151,506,0.082,13.161
152,506,0.068,13.229
153,506,0.074,13.303
154,506,0.073,13.376
155,506,0.067,13.443
156,506,0.075,13.518
157,506,0.071,13.589
158,506,0.080,13.669
159,506,0.077,13.746
160,506,0.086,13.832
161,506,0.085,13.917
162,506,0.077,13.994
163,506,0.071,14.065
164,506,0.077,14.142
165,506,0.068,14.210
166,506,0.076,14.286
167,506,0.074,14.360
168,506,0.070,14.430
169,506,0.069,14.499
170,506,0.072,14.571
171,506,0.078,14.649
172,506,0.070,14.719
173,506,0.073,14.792
174,506,0.076,14.868
175,506,0.062,14.930
176,506,0.074,15.004
177,506,0.086,15.090
178,506,0.065,15.155
179,506,0.077,15.232
180,506,0.075,15.307
181,506,0.073,15.380
182,506,0.073,15.453
183,506,0.085,15.538
184,506,0.090,15.628
185,506,0.077,15.705
186,506,0.093,15.798
187,506,0.092,15.890
188,506,0.086,15.976
189,506,0.087,16.063
190,506,0.073,16.136
191,506,0.087,16.223
192,506,0.077,16.300
193,506,0.077,16.377
194,506,0.069,16.446
195,506,0.075,16.521
196,506,0.111,16.632
197,506,0.079,16.711
198,506,0.070,16.781
199,506,0.069,16.850
200,506,0.067,16.917
201,506,0.070,16.987
202,506,0.063,17.050
203,506,0.079,17.129
204,506,0.090,17.219
205,506,0.081,17.300
206,506,0.080,17.380
207,506,0.101,17.481
208,506,0.079,17.560
209,506,0.084,17.644
210,506,0.070,17.714
211,506,0.073,17.787
212,506,0.067,17.854
213,506,0.078,17.932
214,506,0.090,18.022
215,506,0.083,18.105
216,506,0.065,18.170
217,506,0.081,18.251
218,506,0.068,18.319
219,506,0.076,18.395
220,506,0.078,18.473
221,506,0.080,18.553
222,506,0.073,18.626
223,506,0.077,18.703
224,506,0.087,18.790
225,506,0.084,18.874
226,506,0.073,18.947
227,506,0.080,19.027
228,506,0.099,19.126
229,506,0.076,19.202
230,506,0.082,19.284
231,506,0.078,19.362
232,506,0.081,19.443
233,506,0.076,19.519
234,506,0.082,19.601
235,506,0.074,19.675
236,506,0.080,19.755
237,506,0.076,19.831
238,506,0.066,19.897
239,506,0.064,19.961
240,506,0.065,20.026
241,506,0.076,20.102
242,506,0.067,20.169
243,506,0.075,20.244
244,506,0.062,20.306
245,506,0.067,20.373
246,506,0.074,20.447
247,506,0.070,20.517
248,506,0.068,20.585
249,506,0.071,20.656
250,506,0.077,20.733
251,506,0.078,20.811
252,506,0.098,20.909
253,506,0.076,20.985
254,506,0.079,21.064
255,506,0.078,21.142
256,506,0.084,21.226
257,506,0.078,21.304
258,506,0.087,21.391
259,506,0.075,21.466
260,506,0.083,21.549
261,506,0.070,21.619
262,506,0.077,21.696
263,506,0.074,21.770
264,506,0.073,21.843
265,506,0.095,21.938
266,506,0.086,22.024
267,506,0.096,22.120
268,506,0.072,22.192
269,506,0.079,22.271
270,506,0.075,22.346
271,506,0.074,22.420
272,506,0.074,22.494
273,506,0.070,22.564
274,506,0.067,22.631
275,506,0.070,22.701
276,506,0.075,22.776
277,506,0.077,22.853
278,506,0.064,22.917
279,506,0.076,22.993
280,506,0.092,23.085
281,506,0.068,23.153
282,506,0.083,23.236
283,506,0.106,23.342
284,506,0.090,23.432
285,506,0.072,23.504
286,506,0.077,23.581
287,506,0.083,23.664
288,506,0.066,23.730
289,506,0.067,23.797
290,506,0.075,23.872
291,506,0.082,23.954
292,506,0.065,24.019
293,506,0.078,24.097
294,506,0.074,24.171
295,506,0.069,24.240
296,506,0.071,24.311
297,506,0.077,24.388
298,506,0.082,24.470
299,506,0.084,24.554
300,506,0.104,24.658
301,506,0.095,24.753
302,506,0.078,24.831
303,506,0.077,24.908
304,506,0.097,25.005
305,506,0.088,25.093
306,506,0.097,25.190
307,506,0.100,25.290
308,506,0.075,25.365
309,506,0.075,25.440
310,506,0.087,25.527
311,506,0.084,25.611
312,506,0.077,25.688
313,506,0.070,25.758
314,506,0.081,25.839
315,506,0.086,25.925
316,506,0.081,26.006
317,506,0.083,26.089
318,506,0.091,26.180
319,506,0.078,26.258
320,506,0.077,26.335
321,506,0.073,26.408
322,506,0.091,26.499
323,506,0.080,26.579
324,506,0.091,26.670
325,506,0.098,26.768
326,506,0.089,26.857
327,506,0.072,26.929
328,506,0.080,27.009
329,506,0.086,27.095
330,506,0.081,27.176
331,506,0.090,27.266
332,506,0.087,27.353
333,506,0.068,27.421
334,506,0.079,27.500
335,506,0.070,27.570
336,506,0.075,27.645
337,506,0.083,27.728
338,506,0.073,27.801
339,506,0.072,27.873
340,506,0.083,27.956
341,506,0.073,28.029
342,506,0.084,28.113
343,506,0.078,28.191
344,506,0.101,28.292
345,506,0.096,28.388
346,506,0.077,28.465
347,506,0.076,28.541
348,506,0.077,28.618
349,506,0.073,28.691
350,506,0.068,28.759
351,506,0.074,28.833
352,506,0.080,28.913
353,506,0.150,29.063
354,506,0.087,29.150
355,506,0.079,29.229
356,506,0.077,29.306
357,506,0.086,29.392
358,506,0.087,29.479
359,506,0.071,29.550
360,506,0.077,29.627
361,506,0.072,29.699
362,506,0.080,29.779
363,506,0.074,29.853
364,506,0.065,29.918
365,506,0.078,29.996
366,506,0.078,30.074
367,506,0.063,30.137
368,506,0.074,30.211
369,506,0.068,30.279
370,506,0.076,30.355
371,506,0.067,30.422
372,506,0.079,30.501
373,506,0.069,30.570
374,506,0.078,30.648
375,506,0.089,30.737
376,506,0.083,30.820
377,506,0.095,30.915
378,506,0.074,30.989
379,506,0.073,31.062
380,506,0.070,31.132
381,506,0.080,31.212
382,506,0.084,31.296
383,506,0.077,31.373
384,506,0.089,31.462
385,506,0.076,31.538
386,506,0.064,31.602
387,506,0.081,31.683
388,506,0.091,31.774
389,506,0.072,31.846
390,506,0.085,31.931
391,506,0.080,32.011
392,506,0.074,32.085
393,506,0.083,32.168
394,506,0.072,32.240
395,506,0.074,32.314
396,506,0.087,32.401
397,506,0.079,32.480
398,506,0.079,32.559
399,506