Generation,Best,Time,Total_Time
0,418,0.290,0.290
1,418,0.079,0.369
2,418,0.136,0.505
3,418,0.095,0.600
4,418,0.096,0.696
5,418,0.086,0.782
6,418,0.091,0.873
7,418,0.101,0.974
8,418,0.088,1.062
9,418,0.067,1.129
10,418,0.058,1.187
11,418,0.059,1.246
12,418,0.104,1.350
13,418,0.161,1.511
14,418,0.067,1.578
15,418,0.056,1.634
16,418,0.071,1.705
17,418,0.079,1.784
18,418,0.074,1.858
19,418,0.097,1.955
20,418,0.104,2.059
21,418,0.077,2.136
22,418,0.069,2.205
23,418,0.066,2.271
24,418,0.069,2.340
25,418,0.052,2.392
26,418,0.057,2.449
27,418,0.065,2.514
28,418,0.054,2.568
29,418,0.076,2.644
30,418,0.157,2.801
31,418,0.056,2.857
32,418,0.068,2.925
33,418,0.093,3.018
34,418,0.087,3.105
35,418,0.161,3.266
36,418,0.098,3.364
37,418,0.165,3.529
38,418,0.120,3.649
39,418,0.099,3.748
40,418,0.092,3.840
41,418,0.076,3.916
42,418,0.056,3.972
43,418,0.072,4.044
44,418,0.062,4.106
45,418,0.059,4.165
46,418,0.081,4.246
47,418,0.136,4.382
48,418,0.057,4.439
49,418,0.058,4.497
50,418,0.059,4.556
51,418,0.067,4.623
52,418,0.070,4.693
53,418,0.079,4.772
54,418,0.072,4.844
55,418,0.062,4.906
56,418,0.056,4.962
57,418,0.073,5.035
58,418,0.063,5.098
59,418,0.070,5.168
60,418,0.058,5.226
61,418,0.052,5.278
62,418,0.055,5.333
63,418,0.054,5.387
64,418,0.053,5.440
65,418,0.050,5.490
66,418,0.078,5.568
67,418,0.090,5.658
68,418,0.078,5.736
69,418,0.052,5.788
70,418,0.051,5.839
71,418,0.052,5.891
72,418,0.060,5.951
73,418,0.049,6.000
74,418,0.050,6.050
75,418,0.049,6.099
76,418,0.048,6.147
77,418,0.048,6.195
78,418,0.053,6.248
79,418,0.049,6.297
80,418,0.050,6.347
81,418,0.057,6.404
82,418,0.051,6.455
83,418,0.048,6.503
84,418,0.051,6.554
85,418,0.054,6.608
86,418,0.057,6.665
87,418,0.057,6.722
88,418,0.054,6.776
89,418,0.058,6.834
90,418,0.050,6.884
91,418,0.057,6.941
92,418,0.048,6.989
93,418,0.052,7.041
94,418,0.048,7.089
95,418,0.051,7.140
96,418,0.048,7.188
97,418,0.045,7.233
98,418,0.077,7.310
99,418,0.046,7.356
100,418,0.046,7.402
101,418,0.052,7.454
102,418,0.050,7.504
103,418,0.048,7.552
104,418,0.046,7.598
105,418,0.052,7.650
106,418,0.048,7.698
107,418,0.050,7.748
108,418,0.053,7.801
109,418,0.046,7.847
110,418,0.050,7.897
111,418,0.054,7.951
112,418,0.050,8.001
113,418,0.048,8.049
114,418,0.048,8.097
115,418,0.046,8.143
116,418,0.050,8.193
117,418,0.052,8.245
118,418,0.052,8.297
119,418,0.050,8.347
120,418,0.047,8.394
121,418,0.047,8.441
122,418,0.052,8.493
123,418,0.052,8.545
124,418,0.051,8.596
125,418,0.050,8.646
126,418,0.048,8.694
127,418,0.048,8.742
128,418,0.055,8.797
129,418,0.047,8.844
130,418,0.050,8.894
131,418,0.053,8.947
132,418,0.058,9.005
133,418,0.049,9.054
134,418,0.050,9.104
135,418,0.052,9.156
136,418,0.048,9.204
137,418,0.048,9.252
138,418,0.053,9.305
139,418,0.052,9.357
140,418,0.053,9.410
141,418,0.051,9.461
142,418,0.056,9.517
143,418,0.049,9.566
144,418,0.053,9.619
145,418,0.052,9.671
146,418,0.045,9.716
147,418,0.048,9.764
148,418,0.046,9.810
149,418,0.052,9.862
150,418,0.048,9.910
151,418,0.047,9.957
152,418,0.048,10.005
153,418,0.052,10.057
154,418,0.050,10.107
155,418,0.052,10.159
156,418,0.050,10.209
157,418,0.051,10.260
158,418,0.047,10.307
159,418,0.053,10.360
160,418,0.045,10.405
161,418,0.048,10.453
162,418,0.046,10.499
163,418,0.059,10.558
164,418,0.051,10.609
165,418,0.049,10.658
166,418,0.049,10.707
167,418,0.048,10.755
168,418,0.052,10.807
169,418,0.049,10.856
170,418,0.050,10.906
171,418,0.045,10.951
172,418,0.052,11.003
173,418,0.049,11.052
174,418,0.050,11.102
175,418,0.045,11.147
176,418,0.048,11.195
177,418,0.047,11.242
178,418,0.059,11.301
179,418,0.055,11.356
180,418,0.052,11.408
181,418,0.052,11.460
182,418,0.058,11.518
183,418,0.050,11.568
184,418,0.047,11.615
185,418,0.043,11.658
186,418,0.051,11.709
187,418,0.044,11.753
188,418,0.048,11.801
189,418,0.046,11.847
190,418,0.044,11.891
191,418,0.053,11.944
192,418,0.043,11.987
193,418,0.045,12.032
194,418,0.045,12.077
195,418,0.059,12.136
196,418,0.051,12.187
197,418,0.056,12.243
198,418,0.054,12.297
199,418,0.056,12.353
200,418,0.053,12.406
201,418,0.054,12.460
202,418,0.052,12.512
203,418,0.049,12.561
204,418,0.046,12.607
205,418,0.052,12.659
206,418,0.048,12.707
207,418,0.050,12.757
208,418,0.045,12.802
209,418,0.048,12.850
210,418,0.046,12.896
211,418,0.046,12.942
212,418,0.049,12.991
213,418,0.055,13.046
214,418,0.057,13.103
215,418,0.044,13.147
216,433,0.052,13.199
217,433,0.041,13.240
218,433,0.041,13.281
219,433,0.045,13.326
220,433,0.045,13.371
221,433,0.043,13.414
222,433,0.048,13.462
223,433,0.043,13.505
224,433,0.043,13.548
225,433,0.043,13.591
226,433,0.044,13.635
227,433,0.042,13.677
228,433,0.047,13.724
229,433,0.040,13.764
230,433,0.094,13.858
231,433,0.082,13.940
232,433,0.042,13.982
233,433,0.042,14.024
234,433,0.046,14.070
235,433,0.041,14.111
236,433,0.041,14.152
237,433,0.056,14.208
238,433,0.054,14.262
239,433,0.039,14.301
240,433,0.048,14.349
241,433,0.044,14.393
242,433,0.046,14.439
243,433,0.043,14.482
244,433,0.042,14.524
245,433,0.042,14.566
246,433,0.047,14.613
247,433,0.044,14.657
248,433,0.074,14.731
249,433,0.049,14.780
250,433,0.063,14.843
251,433,0.045,14.888
252,433,0.043,14.931
253,433,0.042,14.973
254,433,0.053,15.026
255,433,0.043,15.069
256,433,0.052,15.121
257,433,0.039,15.160
258,433,0.044,15.204
259,433,0.045,15.249
260,433,0.049,15.298
261,433,0.043,15.341
262,433,0.046,15.387
263,433,0.060,15.447
264,433,0.040,15.487
265,433,0.037,15.524
266,433,0.041,15.565
267,433,0.040,15.605
268,433,0.038,15.643
269,433,0.038,15.681
270,433,0.037,15.718
271,433,0.043,15.761
272,433,0.043,15.804
273,433,0.040,15.844
274,433,0.039,15.883
275,433,0.042,15.925
276,433,0.045,15.970
277,433,0.044,16.014
278,433,0.052,16.066
279,433,0.047,16.113
280,433,0.052,16.165
281,433,0.057,16.222
282,433,0.044,16.266
283,433,0.048,16.314
284,433,0.043,16.357
285,433,0.040,16.397
286,433,0.045,16.442
287,433,0.036,16.478
288,433,0.053,16.531
289,433,0.055,16.586
290,433,0.045,16.631
291,433,0.040,16.671
292,433,0.040,16.711
293,433,0.040,16.751
294,433,0.044,16.795
295,433,0.049,16.844
296,433,0.040,16.884
297,433,0.048,16.932
298,433,0.048,16.980
299,433,0.048,17.028
300,433,0.041,17.069
301,433,0.040,17.109
302,433,0.045,17.154
303,433,0.047,17.201
304,433,0.040,17.241
305,433,0.041,17.282
306,433,0.037,17.319
307,433,0.048,17.367
308,433,0.037,17.404
309,433,0.041,17.445
310,433,0.041,17.486
311,433,0.037,17.523
312,433,0.038,17.561
313,433,0.038,17.599
314,433,0.039,17.638
315,433,0.044,17.682
316,433,0.035,17.717
317,433,0.044,17.761
318,433,0.042,17.803
319,433,0.040,17.843
320,433,0.054,17.897
321,433,0.038,17.935
322,433,0.042,17.977
323,433,0.046,18.023
324,433,0.042,18.065
325,433,0.044,18.109
326,433,0.057,18.166
327,433,0.035,18.201
328,433,0.042,18.243
329,433,0.037,18.280
330,433,0.035,18.315
331,433,0.037,18.352
332,433,0.038,18.390
333,433,0.039,18.429
334,433,0.043,18.472
335,433,0.038,18.510
336,433,0.038,18.548
337,433,0.042,18.590
338,433,0.038,18.628
339,433,0.047,18.675
340,433,0.033,18.708
341,433,0.040,18.748
342,433,0.035,18.783
343,433,0.035,18.818
344,433,0.043,18.861
345,433,0.032,18.893
346,433,0.045,18.938
347,433,0.041,18.979
348,433,0.039,19.018
349,433,0.036,19.054
350,433,0.034,19.088
351,433,0.039,19.127
352,433,0.037,19.164
353,433,0.036,19.200
354,433,0.039,19.239
355,433,0.040,19.279
356,433,0.042,19.321
357,433,0.041,19.362
358,433,0.036,19.398
359,433,0.042,19.440
360,433,0.044,19.484
361,433,0.045,19.529
362,433,0.048,19.577
363,433,0.042,19.619
364,433,0.040,19.659
365,433,0.045,19.704
366,433,0.047,19.751
367,433,0.043,19.794
368,433,0.040,19.834
369,433,0.043,19.877
370,433,0.046,19.923
371,433,0.038,19.961
372,433,0.044,20.005
373,433,0.040,20.045
374,433,0.033,20.078
375,433,0.043,20.121
376,433,0.042,20.163
377,433,0.038,20.201
378,433,0.036,20.237
379,433,0.059,20.296
380,433,0.034,20.330
381,433,0.038,20.368
382,433,0.037,20.405
383,433,0.034,20.439
384,433,0.037,20.476
385,433,0.041,20.517
386,433,0.035,20.552
387,433,0.043,20.595
388,433,0.039,20.634
389,433,0.043,20.677
390,433,0.045,20.722
391,433,0.043,20.765
392,433,0.039,20.804
393,433,0.039,20.843
394,433,0.048,20.891
395,433,0.043,20.934
396,433,0.035,20.969
397,433,0.034,21.003
398,433,0.045,21.048
399,433,0.044,21.092
400,433,0.043,21.135
4