Generation,Best,Time,Total_Time
0,619,0.418,0.418
1,619,0.160,0.578
2,619,0.325,0.903
3,619,0.162,1.065
4,619,0.103,1.168
5,619,0.120,1.288
6,619,0.218,1.506
7,619,0.128,1.634
8,619,0.099,1.733
9,619,0.108,1.841
10,619,0.131,1.972
11,619,0.132,2.104
12,619,0.106,2.210
13,619,0.095,2.305
14,619,0.108,2.413
15,619,0.119,2.532
16,619,0.116,2.648
17,619,0.122,2.770
18,619,0.135,2.905
19,619,0.157,3.062
20,619,0.242,3.304
21,619,0.103,3.407
22,619,0.113,3.520
23,619,0.090,3.610
24,619,0.101,3.711
25,619,0.091,3.802
26,619,0.089,3.891
27,619,0.107,3.998
28,619,0.096,4.094
29,619,0.102,4.196
30,619,0.110,4.306
31,619,0.102,4.408
32,619,0.099,4.507
33,619,0.103,4.610
34,619,0.107,4.717
35,619,0.099,4.816
36,619,0.101,4.917
37,619,0.086,5.003
38,619,0.092,5.095
39,619,0.093,5.188
40,619,0.085,5.273
41,619,0.102,5.375
42,619,0.090,5.465
43,619,0.088,5.553
44,619,0.134,5.687
45,619,0.095,5.782
46,619,0.114,5.896
47,619,0.091,5.987
48,619,0.099,6.086
49,619,0.163,6.249
50,619,0.092,6.341
51,619,0.098,6.439
52,619,0.106,6.545
53,619,0.100,6.645
54,619,0.096,6.741
55,619,0.101,6.842
56,619,0.122,6.964
57,619,0.119,7.083
58,619,0.191,7.274
59,619,0.142,7.416
60,619,0.118,7.534
61,619,0.163,7.697
62,619,0.138,7.835
63,619,0.103,7.938
64,619,0.097,8.035
65,619,0.099,8.134
66,619,0.106,8.240
67,619,0.307,8.547
68,619,0.138,8.685
69,619,0.113,8.798
70,619,0.113,8.911
71,619,0.103,9.014
72,619,0.093,9.107
73,619,0.092,9.199
74,619,0.086,9.285
75,619,0.111,9.396
76,619,0.194,9.590
77,619,0.103,9.693
78,619,0.123,9.816
79,619,0.096,9.912
80,619,0.096,10.008
81,619,0.105,10.113
82,619,0.101,10.214
83,619,0.083,10.297
84,619,0.100,10.397
85,619,0.097,10.494
86,619,0.084,10.578
87,619,0.098,10.676
88,619,0.083,10.759
89,619,0.086,10.845
90,619,0.092,10.937
91,619,0.101,11.038
92,619,0.098,11.136
93,619,0.091,11.227
94,619,0.088,11.315
95,619,0.094,11.409
96,619,0.093,11.502
97,619,0.101,11.603
98,619,0.091,11.694
99,619,0.106,11.800
100,619,0.098,11.898
101,619,0.100,11.998
102,619,0.088,12.086
103,619,0.087,12.173
104,619,0.107,12.280
105,619,0.125,12.405
106,619,0.133,12.538
107,619,0.106,12.644
108,619,0.102,12.746
109,619,0.178,12.924
110,619,0.099,13.023
111,619,0.204,13.227
112,619,0.144,13.371
113,619,0.109,13.480
114,619,0.130,13.610
115,619,0.114,13.724
116,619,0.107,13.831
117,619,0.136,13.967
118,619,0.115,14.082
119,619,0.108,14.190
120,619,0.112,14.302
121,619,0.101,14.403
122,619,0.139,14.542
123,619,0.119,14.661
124,619,0.102,14.763
125,619,0.100,14.863
126,619,0.080,14.943
127,619,0.102,15.045
128,619,0.110,15.155
129,619,0.129,15.284
130,619,0.122,15.406
131,619,0.100,15.506
132,619,0.129,15.635
133,619,0.290,15.925
134,619,0.184,16.109
135,619,0.139,16.248
136,619,0.133,16.381
137,619,0.114,16.495
138,619,0.119,16.614
139,619,0.105,16.719
140,619,0.112,16.831
141,619,0.207,17.038
142,619,0.218,17.256
143,619,0.192,17.448
144,619,0.094,17.542
145,619,0.119,17.661
146,619,0.117,17.778
147,619,0.132,17.910
148,619,0.103,18.013
149,619,0.102,18.115
150,619,0.119,18.234
151,619,0.260,18.494
152,619,0.158,18.652
153,619,0.106,18.758
154,619,0.112,18.870
155,619,0.106,18.976
156,619,0.089,19.065
157,619,0.103,19.168
158,619,0.096,19.264
159,619,0.091,19.355
160,619,0.116,19.471
161,619,0.130,19.601
162,619,0.124,19.725
163,619,0.124,19.849
164,619,0.096,19.945
165,619,0.083,20.028
166,619,0.108,20.136
167,619,0.105,20.241
168,619,0.098,20.339
169,619,0.090,20.429
170,619,0.082,20.511
171,619,0.130,20.641
172,619,0.136,20.777
173,619,0.118,20.895
174,619,0.108,21.003
175,619,0.084,21.087
176,619,0.093,21.180
177,619,0.101,21.281
178,619,0.096,21.377
179,619,0.095,21.472
180,619,0.090,21.562
181,619,0.154,21.716
182,619,0.121,21.837
183,619,0.120,21.957
184,619,0.098,22.055
185,619,0.101,22.156
186,619,0.113,22.269
187,619,0.103,22.372
188,619,0.110,22.482
189,619,0.097,22.579
190,619,0.105,22.684
191,619,0.087,22.771
192,619,0.097,22.868
193,619,0.091,22.959
194,619,0.086,23.045
195,619,0.094,23.139
196,619,0.107,23.246
197,619,0.095,23.341
198,619,0.098,23.439
199,619,0.107,23.546
200,619,0.106,23.652
201,619,0.098,23.750
202,619,0.100,23.850
203,619,0.092,23.942
204,619,0.094,24.036
205,619,0.107,24.143
206,619,0.146,24.289
207,619,0.145,24.434
208,619,0.111,24.545
209,619,0.164,24.709
210,619,0.233,24.942
211,619,0.091,25.033
212,619,0.125,25.158
213,619,0.118,25.276
214,619,0.116,25.392
215,619,0.108,25.500
216,619,0.122,25.622
217,619,0.123,25.745
218,619,0.100,25.845
219,619,0.101,25.946
220,619,0.108,26.054
221,619,0.108,26.162
222,619,0.127,26.289
223,619,0.146,26.435
224,619,0.147,26.582
225,619,0.197,26.779
226,619,0.112,26.891
227,619,0.103,26.994
228,619,0.106,27.100
229,619,0.097,27.197
230,619,0.122,27.319
231,619,0.225,27.544
232,619,0.096,27.640
233,619,0.256,27.896
234,619,0.115,28.011
235,619,0.120,28.131
236,619,0.095,28.226
237,619,0.097,28.323
238,619,0.104,28.427
239,619,0.102,28.529
240,619,0.083,28.612
241,619,0.105,28.717
242,619,0.108,28.825
243,619,0.083,28.908
244,619,0.094,29.002
245,619,0.090,29.092
246,619,0.100,29.192
247,619,0.101,29.293
248,619,0.096,29.389
249,619,0.097,29.486
250,619,0.090,29.576
251,619,0.108,29.684
252,619,0.112,29.796
253,619,0.094,29.890
254,619,0.109,29.999
255,619,0.116,30.115
256,619,0.100,30.215
257,619,0.116,30.331
258,619,0.100,30.431
259,619,0.110,30.541
260,619,0.182,30.723
261,619,0.108,30.831
262,619,0.123,30.954
263,619,0.125,31.079
264,619,0.114,31.193
265,619,0.093,31.286
266,619,0.093,31.379
267,619,0.097,31.476
268,619,0.112,31.588
269,619,0.101,31.689
270,619,0.087,31.776
271,619,0.102,31.878
272,619,0.103,31.981
273,619,0.131,32.112
274,619,0.144,32.256
275,619,0.143,32.399
276,619,0.107,32.506
277,619,0.106,32.612
278,619,0.104,32.716
279,619,0.096,32.812
280,619,0.122,32.934
281,619,0.191,33.125
282,619,0.127,33.252
283,619,0.107,33.359
284,619,0.168,33.527
285,619,0.115,33.642
286,619,0.092,33.734
287,619,0.111,33.845
288,619,0.101,33.946
289,619,0.095,34.041
290,619,0.092,34.133
291,619,0.103,34.236
292,619,0.094,34.330
293,619,0.084,34.414
294,619,0.099,34.513
295,619,0.087,34.600
296,619,0.100,34.700
297,619,0.105,34.805
298,619,0.112,34.917
299,619,0.109,35.026
300,619,0.111,35.137
301,619,0.116,35.253
302,619,0.100,35.353
303,619,0.110,35.463
304,619,0.085,35.548
305,619,0.107,35.655
306,619,0.100,35.755
307,619,0.101,35.856
308,619,0.120,35.976
309,619,0.080,36.056
310,619,0.104,36.160
311,619,0.100,36.260
312,619,0.095,36.355
313,619,0.135,36.490
314,619,0.113,36.603
315,619,0.103,36.706
316,619,0.124,36.830
317,619,0.269,37.099
318,619,0.267,37.366
319,619,0.133,37.499
320,619,0.151,37.650
321,619,0.102,37.752
322,619,0.116,37.868
323,619,0.106,37.974
324,619,0.104,38.078
325,619,0.092,38.170
326,619,0.113,38.283
327,619,0.122,38.405
328,619,0.118,38.523
329,619,0.101,38.624
330,619,0.115,38.739
331,619,0.183,38.922
332,619,0.095,39.017
333,619,0.088,39.105
334,619,0.122,39.227
335,619,0.097,39.324
336,619,0.118,39.442
337,619,0.310,39.752
338,619,0.169,39.921
339,619,0.137,40.058
340,619,0.150,40.208
341,619,0.149,40.357
342,619,0.125,40.482
343,619,0.131,40.613
344,619,0.135,40.748
345,619,0.131,40.879
346,619,0.221,41.100
347,619,0.110,41.210
348,619,0.107,41.317
349,619,0.106,41.423
350,619,0.100,41.523
351,619,0.100,41.623
352,619,0.121,41.744
353,619,0.108,41.852
354,619,0.104,41.956
355,619,0.098,42.054
356,619,0.199,42.253
357,619,0.104,42.357
358,619,0.106,42.463
359,619,0.101,42.564
360,619,0.105,42.669
361,619,0.114,42.783
362,619,0.103,42.886
363,619,0.137,43.023
364,619,0.116,43.139
365,619,0.118,43.257
366,619,0.085,43.342
367,619,0.107,43.449
368,619,0.114,43.563
369,619,0.194,43.757
370,619,0.101,43.858
371,619,0.100,43.958
372,619,0.085,44.043
373,619,0.107,44.150
374,619,0.079,44.229
375,619,0.099,44.328
376,619,0.093,44.421
377,619,0.096,44.517
378,619,0.102,44.619
379,619,0.161,44.780
380,619,0.096,44.876
381,619,0.098,44.974
382,619,0.117,45.091
383,619,0.116,45.207
384,619,0.129,45.336
385,619,0.102,45.438
386,619,0.096,45.534
387,619,0.098,45.632
388,619,0.096,45.728
389,619,0.096,45.824
390,619,0.100,45.924
391,619,0.097,46.021
392,619,0.094,46.115
393,619,0.095,46.210
394,619,0.097,46.307
395,619,0.110,46.417
396,619,0.084,46.501
397,619,0.085