Generation,Best,Time,Total_Time
0,406,0.765,0.765
1,406,0.503,1.268
2,419,0.549,1.817
3,438,0.737,2.554
4,442,0.647,3.201
5,442,0.886,4.087
6,443,0.504,4.591
7,443,0.526,5.117
8,448,0.489,5.606
9,449,0.566,6.172
10,449,0.860,7.032
11,449,0.684,7.716
12,449,0.511,8.227
13,449,0.456,8.683
14,449,0.544,9.227
15,449,0.489,9.716
16,457,0.428,10.144
17,457,0.433,10.577
18,457,0.451,11.028
19,457,0.534,11.562
20,457,0.506,12.068
21,457,0.435,12.503
22,462,0.507,13.010
23,463,0.474,13.484
24,464,0.428,13.912
25,464,0.422,14.334
26,464,0.499,14.833
27,464,0.414,15.247
28,464,0.443,15.690
29,479,0.482,16.172
30,479,0.447,16.619
31,479,0.452,17.071
32,479,0.402,17.473
33,479,0.417,17.890
34,479,0.376,18.266
35,479,0.366,18.632
36,479,0.355,18.987
37,479,0.377,19.364
38,479,0.401,19.765
39,479,0.402,20.167
40,479,0.371,20.538
41,479,0.417,20.955
42,479,0.374,21.329
43,479,0.391,21.720
44,479,0.399,22.119
45,479,0.402,22.521
46,479,0.438,22.959
47,479,0.393,23.352
48,479,0.379,23.731
49,479,0.407,24.138
50,479,0.389,24.527
51,479,0.391,24.918
52,479,0.395,25.313
53,479,0.418,25.731
54,479,0.395,26.126
55,479,0.383,26.509
56,479,0.403,26.912
57,479,0.405,27.317
58,479,0.431,27.748
59,479,0.392,28.140
60,479,0.369,28.509
61,479,0.507,29.016
62,479,0.400,29.416
63,479,0.390,29.806
64,479,0.412,30.218
65,479,0.420,30.638
66,479,0.385,31.023
67,479,0.403,31.426
68,479,0.408,31.834
69,480,0.429,32.263
70,480,0.377,32.640
71,480,0.401,33.041
72,480,0.398,33.439
73,480,0.438,33.877
74,480,0.412,34.289
75,480,0.409,34.698
76,480,0.374,35.072
77,480,0.440,35.512
78,480,0.385,35.897
79,480,0.443,36.340
80,480,0.382,36.722
81,480,0.396,37.118
82,480,0.435,37.553
83,480,0.400,37.953
84,480,0.405,38.358
85,480,0.389,38.747
86,480,0.395,39.142
87,480,0.405,39.547
88,480,0.375,39.922
89,480,0.441,40.363
90,480,0.396,40.759
91,480,0.420,41.179
92,480,0.379,41.558
93,480,0.394,41.952
94,480,0.401,42.353
95,480,0.381,42.734
96,480,0.407,43.141
97,480,0.387,43.528
98,483,0.386,43.914
99,483,0.402,44.316
100,483,0.372,44.688
101,485,0.409,45.097
102,485,0.380,45.477
103,485,0.407,45.884
104,485,0.382,46.266
105,485,0.379,46.645
106,485,0.386,47.031
107,485,0.396,47.427
108,485,0.373,47.800
109,485,0.447,48.247
110,485,0.378,48.625
111,485,0.383,49.008
112,485,0.428,49.436
113,485,0.484,49.920
114,485,0.686,50.606
115,485,0.411,51.017
116,485,0.425,51.442
117,485,0.413,51.855
118,485,0.417,52.272
119,485,0.419,52.691
120,485,0.427,53.118
121,485,0.441,53.559
122,485,0.434,53.993
123,485,0.407,54.400
124,485,0.462,54.862
125,488,0.420,55.282
126,488,0.414,55.696
127,488,0.413,56.109
128,488,0.430,56.539
129,493,0.436,56.975
130,493,0.450,57.425
131,494,0.658,58.083
132,494,0.510,58.593
133,494,0.450,59.043
134,494,0.412,59.455
135,494,0.457,59.912
136,509,0.454,60.366
137,509,0.409,60.775
138,509,0.437,61.212
139,509,0.432,61.644
140,509,0.417,62.061
141,509,0.411,62.472
142,509,0.450,62.922
143,509,0.459,63.381
144,509,0.544,63.925
145,509,0.441,64.366
146,522,0.426,64.792
147,522,0.374,65.166
148,522,0.368,65.534
149,522,0.368,65.902
150,522,0.391,66.293
151,522,0.377,66.670
152,522,0.417,67.087
153,522,0.371,67.458
154,522,0.426,67.884
155,522,0.382,68.266
156,522,0.376,68.642
157,522,0.415,69.057
158,522,0.450,69.507
159,522,0.395,69.902
160,522,0.436,70.338
161,522,0.390,70.728
162,522,0.431,71.159
163,522,0.382,71.541
164,523,0.480,72.021
165,523,0.489,72.510
166,523,0.377,72.887
167,523,0.504,73.391
168,523,0.410,73.801
169,523,0.442,74.243
170,523,0.451,74.694
171,523,0.410,75.104
172,523,0.424,75.528
173,523,0.388,75.916
174,523,0.394,76.310
175,523,0.417,76.727
176,523,0.428,77.155
177,523,0.408,77.563
178,523,0.450,78.013
179,523,0.425,78.438
180,523,0.404,78.842
181,523,0.453,79.295
182,523,0.396,79.691
183,523,0.428,80.119
184,523,0.424,80.543
185,523,0.446,80.989
186,523,0.400,81.389
187,523,0.388,81.777
188,523,0.398,82.175
189,523,0.394,82.569
190,523,0.611,83.180
191,523,0.392,83.572
192,523,0.447,84.019
193,523,0.405,84.424
194,523,0.377,84.801
195,523,0.412,85.213
196,523,0.390,85.603
197,523,0.390,85.993
198,523,0.386,86.379
199,523,0.406,86.785
200,523,0.385,87.170
201,523,0.405,87.575
202,523,0.414,87.989
203,523,0.389,88.378
204,523,0.389,88.767
205,523,0.456,89.223
206,523,0.417,89.640
207,523,0.405,90.045
208,523,0.438,90.483
209,523,0.380,90.863
210,523,0.374,91.237
211,523,0.431,91.668
212,523,0.409,92.077
213,523,0.416,92.493
214,523,0.407,92.900
215,523,0.395,93.295
216,523,0.391,93.686
217,523,0.421,94.107
218,523,0.371,94.478
219,523,0.379,94.857
220,523,0.399,95.256
221,523,0.393,95.649
222,523,0.537,96.186
223,523,0.408,96.594
224,523,0.399,96.993
225,523,0.437,97.430
226,523,0.389,97.819
227,523,0.381,98.200
228,524,0.399,98.599
229,524,0.410,99.009
230,524,0.420,99.429
231,524,0.657,100.086
232,524,0.448,100.534
233,524,0.599,101.133
234,524,0.480,101.613
235,524,0.435,102.048
236,524,0.415,102.463
237,524,0.384,102.847
238,524,0.377,103.224
239,525,0.391,103.615
240,525,0.409,104.024
241,530,0.450,104.474
242,530,0.396,104.870
243,530,0.415,105.285
244,530,0.390,105.675
245,530,0.391,106.066
246,530,0.380,106.446
247,530,0.394,106.840
248,530,0.392,107.232
249,531,0.414,107.646
250,531,0.382,108.028
251,531,0.397,108.425
252,531,0.440,108.865
253,531,0.483,109.348
254,531,0.453,109.801
255,531,0.398,110.199
256,531,0.451,110.650
257,531,0.411,111.061
258,531,0.396,111.457
259,531,0.387,111.844
260,531,0.419,112.263
261,531,0.387,112.650
262,531,0.417,113.067
263,531,0.634,113.701
264,531,0.509,114.210
265,531,0.424,114.634
266,531,0.409,115.043
267,531,0.382,115.425
268,531,0.491,115.916
269,531,0.405,116.321
270,531,0.549,116.870
271,531,0.410,117.280
272,531,0.413,117.693
273,531,0.417,118.110
274,531,0.449,118.559
275,531,0.384,118.943
276,531,0.569,119.512
277,534,0.398,119.910
278,534,0.480,120.390
279,534,0.406,120.796
280,534,0.437,121.233
281,534,0.434,121.667
282,534,0.526,122.193
283,534,0.468,122.661
284,534,0.469,123.130
285,534,0.986,124.116
286,534,0.467,124.583
287,534,0.558,125.141
288,534,0.540,125.681
289,534,0.485,126.166
290,534,0.487,126.653
291,534,0.534,127.187
292,534,0.474,127.661
293,534,0.690,128.351
294,534,0.482,128.833
295,534,0.509,129.342
296,534,0.467,129.809
297,534,0.453,130.262
298,534,0.458,130.720
299,534,0.452,131.172
300,534,0.454,131.626
301,534,0.504,132.130
302,534,0.462,132.592
303,534,0.502,133.094
304,534,0.450,133.544
305,534,0.435,133.979
306,534,0.450,134.429
307,534,0.483,134.912
308,534,0.560,135.472
309,534,0.498,135.970
310,534,0.492,136.462
311,534,0.551,137.013
312,534,0.508,137.521
313,534,0.541,138.062
314,534,0.482,138.544
315,534,0.486,139.030
316,534,0.443,139.473
317,534,0.474,139.947
318,534,0.469,140.416
319,534,0.450,140.866
320,534,0.469,141.335
321,534,0.455,141.790
322,534,0.484,142.274
323,534,0.450,142.724
324,534,0.472,143.196
325,534,0.485,143.681
326,534,0.520,144.201
327,534,0.466,144.667
328,534,0.443,145.110
329,534,0.431,145.541
330,534,0.424,145.965
331,534,0.413,146.378
332,535,0.442,146.820
333,535,0.443,147.263
334,535,0.457,147.720
335,535,0.424,148.144
336,535,0.442,148.586
337,535,0.433,149.019
338,535,0.458,149.477
339,535,0.430,149.907
340,535,0.418,150.325
341,535,0.432,150.757
342,535,0.430,151.187
343,535,0.438,151.625
344,535,0.456,152.081
345,535,0.489,152.570
346,535,0.451,153.021
347,535,0.432,153.453
348,535,0.451,153.904
349,535,0.474,154.378
350,535,0.512,154.890
351,535,0.448,155.338
352,535,0.478,155.816
353,535,0.451,156.267
354,535,0.406,156.673
355,535,0.492,157.165
356,535,0.468,157.633
357,535,0.472,158.105
358,535,0.440,158.545
359,535,0.417,158.962
360,535,0.422,159.384
361,535,0.468,159.852
362,535,0.419,160.271
363,535,0.429,160.700
364,535,0.439,161.139
365,535,0.432,161.571
366,535,0.418,161.989
367,535,0.503,162.492
368,535,0.407,162.899
369,535,0.420,163.319
370,535,0.395,163.714
371,535,0.438,164.152
372,535,0.392,164.544
373,535,0.481,165.025
374,535,0.381,165.406
375,535,0.377,165.783
376,535,0.416,166.199
377,535,0.383,166.582
378,535,0.390,166.972
379,535,0.409,167.381
380,535,0.413,167.794
381,535,0.409,168.203
382,535,0.384,168.587
383,535,0.391,168.978
384,535,0.450,169.428
385,535,0.371,169.799
386,535,0.371,170.170
387