Generation,Best,Time,Total_Time
0,501,0.294,0.294
1,501,0.084,0.378
2,501,0.087,0.465
3,501,0.122,0.587
4,501,0.077,0.664
5,501,0.082,0.746
6,501,0.085,0.831
7,501,0.080,0.911
8,501,0.071,0.982
9,501,0.081,1.063
10,501,0.091,1.154
11,501,0.068,1.222
12,501,0.128,1.350
13,501,0.133,1.483
14,501,0.130,1.613
15,501,0.117,1.730
16,501,0.099,1.829
17,501,0.096,1.925
18,501,0.100,2.025
19,501,0.102,2.127
20,501,0.096,2.223
21,501,0.071,2.294
22,501,0.074,2.368
23,501,0.082,2.450
24,501,0.118,2.568
25,501,0.110,2.678
26,501,0.093,2.771
27,501,0.099,2.870
28,501,0.081,2.951
29,501,0.101,3.052
30,501,0.098,3.150
31,501,0.090,3.240
32,501,0.080,3.320
33,501,0.091,3.411
34,501,0.076,3.487
35,501,0.117,3.604
36,501,0.165,3.769
37,501,0.086,3.855
38,501,0.092,3.947
39,501,0.106,4.053
40,501,0.092,4.145
41,501,0.101,4.246
42,501,0.114,4.360
43,501,0.098,4.458
44,501,0.086,4.544
45,501,0.086,4.630
46,501,0.089,4.719
47,501,0.096,4.815
48,501,0.081,4.896
49,501,0.083,4.979
50,501,0.097,5.076
51,501,0.082,5.158
52,501,0.086,5.244
53,501,0.094,5.338
54,501,0.095,5.433
55,501,0.098,5.531
56,501,0.099,5.630
57,501,0.091,5.721
58,501,0.093,5.814
59,501,0.094,5.908
60,501,0.093,6.001
61,501,0.108,6.109
62,501,0.121,6.230
63,501,0.137,6.367
64,501,0.112,6.479
65,501,0.084,6.563
66,501,0.094,6.657
67,501,0.097,6.754
68,501,0.098,6.852
69,501,0.117,6.969
70,501,0.087,7.056
71,501,0.081,7.137
72,501,0.084,7.221
73,501,0.086,7.307
74,501,0.075,7.382
75,501,0.084,7.466
76,501,0.117,7.583
77,501,0.082,7.665
78,501,0.084,7.749
79,501,0.099,7.848
80,501,0.087,7.935
81,501,0.092,8.027
82,501,0.097,8.124
83,501,0.115,8.239
84,501,0.095,8.334
85,501,0.103,8.437
86,501,0.097,8.534
87,501,0.082,8.616
88,501,0.163,8.779
89,501,0.086,8.865
90,501,0.097,8.962
91,501,0.092,9.054
92,501,0.091,9.145
93,501,0.092,9.237
94,501,0.089,9.326
95,501,0.083,9.409
96,501,0.084,9.493
97,501,0.079,9.572
98,501,0.078,9.650
99,501,0.084,9.734
100,501,0.085,9.819
101,501,0.083,9.902
102,501,0.082,9.984
103,501,0.075,10.059
104,501,0.088,10.147
105,501,0.088,10.235
106,501,0.095,10.330
107,501,0.106,10.436
108,501,0.089,10.525
109,501,0.065,10.590
110,501,0.076,10.666
111,501,0.079,10.745
112,501,0.098,10.843
113,501,0.104,10.947
114,501,0.105,11.052
115,501,0.087,11.139
116,501,0.073,11.212
117,501,0.099,11.311
118,501,0.081,11.392
119,501,0.087,11.479
120,501,0.106,11.585
121,501,0.097,11.682
122,501,0.074,11.756
123,501,0.093,11.849
124,501,0.088,11.937
125,501,0.081,12.018
126,501,0.100,12.118
127,501,0.097,12.215
128,501,0.074,12.289
129,501,0.091,12.380
130,501,0.082,12.462
131,501,0.095,12.557
132,501,0.092,12.649
133,501,0.073,12.722
134,501,0.079,12.801
135,501,0.091,12.892
136,501,0.093,12.985
137,501,0.089,13.074
138,501,0.085,13.159
139,501,0.113,13.272
140,501,0.095,13.367
141,501,0.093,13.460
142,501,0.093,13.553
143,501,0.097,13.650
144,501,0.087,13.737
145,501,0.132,13.869
146,501,0.101,13.970
147,501,0.085,14.055
148,501,0.078,14.133
149,501,0.109,14.242
150,501,0.074,14.316
151,501,0.088,14.404
152,501,0.090,14.494
153,501,0.085,14.579
154,501,0.080,14.659
155,501,0.078,14.737
156,501,0.076,14.813
157,501,0.102,14.915
158,501,0.085,15.000
159,501,0.090,15.090
160,501,0.079,15.169
161,501,0.102,15.271
162,501,0.079,15.350
163,501,0.105,15.455
164,501,0.096,15.551
165,501,0.102,15.653
166,501,0.110,15.763
167,501,0.093,15.856
168,501,0.075,15.931
169,501,0.091,16.022
170,501,0.078,16.100
171,501,0.084,16.184
172,501,0.089,16.273
173,501,0.103,16.376
174,501,0.092,16.468
175,501,0.094,16.562
176,501,0.093,16.655
177,501,0.075,16.730
178,501,0.091,16.821
179,501,0.075,16.896
180,501,0.090,16.986
181,501,0.081,17.067
182,501,0.089,17.156
183,501,0.082,17.238
184,501,0.083,17.321
185,501,0.091,17.412
186,501,0.083,17.495
187,501,0.083,17.578
188,501,0.086,17.664
189,501,0.091,17.755
190,501,0.154,17.909
191,501,0.105,18.014
192,501,0.096,18.110
193,501,0.086,18.196
194,501,0.076,18.272
195,501,0.086,18.358
196,501,0.077,18.435
197,501,0.086,18.521
198,501,0.085,18.606
199,501,0.076,18.682
200,501,0.088,18.770
201,501,0.100,18.870
202,501,0.091,18.961
203,501,0.082,19.043
204,501,0.075,19.118
205,501,0.096,19.214
206,501,0.076,19.290
207,501,0.086,19.376
208,501,0.100,19.476
209,501,0.095,19.571
210,501,0.086,19.657
211,501,0.107,19.764
212,501,0.083,19.847
213,501,0.083,19.930
214,501,0.077,20.007
215,501,0.087,20.094
216,501,0.074,20.168
217,501,0.103,20.271
218,501,0.100,20.371
219,501,0.101,20.472
220,501,0.089,20.561
221,501,0.092,20.653
222,501,0.093,20.746
223,501,0.096,20.842
224,501,0.093,20.935
225,501,0.079,21.014
226,501,0.075,21.089
227,501,0.096,21.185
228,501,0.077,21.262
229,501,0.087,21.349
230,501,0.078,21.427
231,501,0.077,21.504
232,501,0.103,21.607
233,501,0.074,21.681
234,501,0.099,21.780
235,501,0.091,21.871
236,501,0.078,21.949
237,501,0.089,22.038
238,501,0.086,22.124
239,501,0.098,22.222
240,501,0.089,22.311
241,501,0.090,22.401
242,501,0.087,22.488
243,501,0.083,22.571
244,501,0.084,22.655
245,501,0.074,22.729
246,501,0.094,22.823
247,501,0.084,22.907
248,501,0.080,22.987
249,501,0.133,23.120
250,501,0.086,23.206
251,501,0.092,23.298
252,501,0.069,23.367
253,501,0.085,23.452
254,501,0.070,23.522
255,501,0.076,23.598
256,501,0.080,23.678
257,501,0.090,23.768
258,501,0.095,23.863
259,501,0.076,23.939
260,501,0.119,24.058
261,501,0.085,24.143
262,501,0.086,24.229
263,501,0.095,24.324
264,501,0.097,24.421
265,501,0.087,24.508
266,501,0.093,24.601
267,501,0.084,24.685
268,501,0.088,24.773
269,501,0.071,24.844
270,501,0.087,24.931
271,501,0.129,25.060
272,501,0.096,25.156
273,501,0.100,25.256
274,501,0.087,25.343
275,501,0.100,25.443
276,501,0.088,25.531
277,501,0.073,25.604
278,501,0.086,25.690
279,501,0.086,25.776
280,501,0.094,25.870
281,501,0.113,25.983
282,501,0.096,26.079
283,501,0.092,26.171
284,501,0.083,26.254
285,501,0.086,26.340
286,501,0.086,26.426
287,501,0.103,26.529
288,501,0.101,26.630
289,501,0.077,26.707
290,501,0.088,26.795
291,501,0.077,26.872
292,501,0.085,26.957
293,501,0.075,27.032
294,501,0.088,27.120
295,501,0.082,27.202
296,501,0.081,27.283
297,501,0.157,27.440
298,501,0.084,27.524
299,501,0.092,27.616
300,501,0.077,27.693
301,501,0.078,27.771
302,501,0.093,27.864
303,501,0.087,27.951
304,501,0.086,28.037
305,501,0.094,28.131
306,501,0.106,28.237
307,501,0.098,28.335
308,501,0.095,28.430
309,501,0.100,28.530
310,501,0.075,28.605
311,501,0.076,28.681
312,501,0.087,28.768
313,501,0.102,28.870
314,501,0.075,28.945
315,501,0.102,29.047
316,501,0.081,29.128
317,501,0.090,29.218
318,501,0.094,29.312
319,501,0.103,29.415
320,501,0.102,29.517
321,501,0.085,29.602
322,501,0.078,29.680
323,501,0.115,29.795
324,501,0.107,29.902
325,501,0.092,29.994
326,501,0.101,30.095
327,501,0.099,30.194
328,501,0.085,30.279
329,501,0.082,30.361
330,501,0.098,30.459
331,501,0.091,30.550
332,501,0.106,30.656
333,501,0.084,30.740
334,501,0.092,30.832
335,501,0.097,30.929
336,501,0.103,31.032
337,501,0.095,31.127
338,501,0.088,31.215
339,501,0.083,31.298
340,501,0.089,31.387
341,501,0.090,31.477
342,501,0.090,31.567
343,501,0.077,31.644
344,501,0.092,31.736
345,501,0.082,31.818
346,501,0.171,31.989
347,501,0.097,32.086
348,501,0.119,32.205
349,501,0.098,32.303
350,501,0.095,32.398
351,501,0.101,32.499
352,501,0.095,32.594
353,501,0.095,32.689
354,501,0.096,32.785
355,501,0.107,32.892
356,501,0.108,33.000
357,501,0.074,33.074
358,501,0.099,33.173
359,501,0.088,33.261
360,501,0.087,33.348
361,501,0.084,33.432
362,501,0.096,33.528
363,501,0.103,33.631
364,501,0.084,33.715
365,501,0.077,33.792
366,501,0.080,33.872
367,501,0.092,33.964
368,501,0.086,34.050
369,501,0.109,34.159
370,501,0.072,34.231
371,501,0.076,34.307
372,501,0.120,34.427
373,501,0.112,34.539
374,501,0.113,34.652
375,501,0.087,34.739
376,501,0.097,34.836
377,501,0.084,34.920
378,501,0.078,34.998
379,501,0.074,35.072
380,501,0.097,35.169
381,501,0.088,35.257
382,501,0.089,35.346
383,501,0.095,35.441
384,501,0.101,35.542
385,501,0.077,35.619
386,501,0.091,35.710
387,501,0.131,35.841
388,501,0.111,35.952
389,501,0.083,36.035
390,501,0.084,36.119
391,501,0.084,36.203
392,501,0.099,36.302
393,501,0.085,36.387
394,501,0.072,36.459
395,501,0.083,36.542
396,501,0.089,36.631
397,501,0.074,36.705
398,501,0.084,3