Generation,Best,Time,Total_Time
0,533,0.991,0.991
1,553,0.609,1.600
2,569,0.695,2.295
3,584,0.974,3.269
4,584,0.829,4.098
5,591,0.871,4.969
6,597,0.804,5.773
7,612,0.617,6.390
8,612,0.871,7.261
9,627,0.718,7.979
10,627,0.664,8.643
11,627,0.592,9.235
12,627,0.636,9.871
13,627,0.642,10.513
14,627,0.601,11.114
15,627,0.672,11.786
16,627,0.796,12.582
17,627,0.670,13.252
18,627,0.775,14.027
19,627,0.642,14.669
20,627,0.707,15.376
21,627,0.690,16.066
22,627,0.869,16.935
23,627,0.946,17.881
24,627,0.651,18.532
25,627,0.641,19.173
26,629,0.623,19.796
27,629,0.607,20.403
28,630,0.631,21.034
29,637,0.657,21.691
30,637,0.668,22.359
31,637,0.681,23.040
32,637,0.623,23.663
33,637,0.758,24.421
34,638,0.602,25.023
35,638,0.611,25.634
36,638,0.632,26.266
37,638,0.701,26.967
38,638,0.587,27.554
39,638,0.606,28.160
40,643,0.578,28.738
41,643,0.742,29.480
42,643,0.654,30.134
43,643,0.614,30.748
44,643,0.541,31.289
45,643,0.559,31.848
46,643,0.583,32.431
47,643,0.563,32.994
48,643,0.578,33.572
49,643,0.557,34.129
50,644,0.560,34.689
51,644,0.564,35.253
52,644,0.541,35.794
53,644,0.619,36.413
54,644,0.554,36.967
55,644,0.589,37.556
56,644,0.570,38.126
57,644,0.545,38.671
58,644,0.573,39.244
59,644,0.532,39.776
60,644,0.540,40.316
61,644,0.566,40.882
62,644,0.659,41.541
63,644,0.628,42.169
64,644,0.567,42.736
65,644,0.575,43.311
66,644,0.579,43.890
67,644,0.556,44.446
68,644,0.542,44.988
69,644,0.534,45.522
70,644,0.544,46.066
71,644,0.523,46.589
72,644,0.566,47.155
73,644,0.596,47.751
74,644,0.627,48.378
75,644,0.637,49.015
76,644,0.552,49.567
77,644,0.578,50.145
78,644,0.666,50.811
79,644,0.734,51.545
80,644,0.546,52.091
81,644,0.597,52.688
82,644,0.618,53.306
83,644,0.666,53.972
84,644,0.580,54.552
85,644,0.631,55.183
86,644,0.887,56.070
87,644,0.560,56.630
88,644,0.573,57.203
89,644,0.594,57.797
90,644,0.540,58.337
91,645,0.518,58.855
92,650,0.552,59.407
93,650,0.569,59.976
94,650,0.664,60.640
95,653,0.586,61.226
96,653,0.611,61.837
97,655,0.676,62.513
98,655,0.768,63.281
99,655,0.606,63.887
100,655,0.611,64.498
101,655,0.577,65.075
102,655,0.582,65.657
103,655,0.597,66.254
104,655,0.605,66.859
105,655,0.547,67.406
106,655,0.567,67.973
107,655,0.540,68.513
108,655,0.550,69.063
109,655,0.537,69.600
110,655,0.616,70.216
111,655,0.656,70.872
112,655,0.630,71.502
113,655,0.507,72.009
114,655,0.537,72.546
115,655,0.529,73.075
116,655,0.601,73.676
117,655,0.556,74.232
118,655,0.530,74.762
119,656,0.561,75.323
120,656,0.566,75.889
121,656,0.526,76.415
122,656,0.644,77.059
123,656,0.571,77.630
124,656,0.592,78.222
125,658,0.548,78.770
126,658,0.569,79.339
127,658,0.621,79.960
128,658,0.529,80.489
129,658,0.582,81.071
130,658,0.567,81.638
131,658,0.577,82.215
132,658,0.676,82.891
133,658,0.608,83.499
134,658,0.697,84.196
135,658,0.629,84.825
136,658,0.556,85.381
137,658,0.589,85.970
138,659,0.571,86.541
139,659,0.546,87.087
140,659,0.578,87.665
141,659,0.523,88.188
142,659,0.533,88.721
143,659,0.529,89.250
144,659,0.547,89.797
145,662,0.513,90.310
146,662,0.542,90.852
147,662,0.541,91.393
148,662,0.583,91.976
149,662,0.638,92.614
150,662,0.600,93.214
151,662,0.567,93.781
152,664,0.580,94.361
153,664,0.557,94.918
154,664,0.559,95.477
155,664,0.552,96.029
156,665,0.595,96.624
157,666,0.591,97.215
158,670,0.543,97.758
159,670,0.647,98.405
160,670,0.518,98.923
161,670,0.569,99.492
162,670,0.529,100.021
163,670,0.529,100.550
164,670,0.522,101.072
165,670,0.540,101.612
166,670,0.531,102.143
167,670,0.568,102.711
168,670,0.537,103.248
169,670,0.529,103.777
170,670,0.573,104.350
171,672,0.519,104.869
172,672,0.570,105.439
173,672,0.541,105.980
174,672,0.619,106.599
175,672,0.614,107.213
176,672,0.705,107.918
177,672,0.568,108.486
178,672,0.558,109.044
179,672,0.578,109.622
180,672,0.570,110.192
181,672,0.561,110.753
182,672,0.620,111.373
183,672,0.533,111.906
184,672,0.555,112.461
185,672,0.566,113.027
186,672,0.567,113.594
187,672,0.569,114.163
188,672,0.527,114.690
189,672,0.605,115.295
190,672,0.539,115.834
191,672,0.576,116.410
192,672,0.624,117.034
193,672,0.629,117.663
194,672,0.628,118.291
195,672,0.590,118.881
196,672,0.564,119.445
197,672,0.578,120.023
198,672,0.553,120.576
199,672,0.673,121.249
200,672,0.573,121.822
201,672,0.589,122.411
202,672,0.590,123.001
203,672,0.647,123.648
204,672,0.586,124.234
205,672,0.571,124.805
206,672,0.579,125.384
207,672,0.590,125.974
208,672,0.531,126.505
209,672,0.539,127.044
210,672,0.643,127.687
211,672,0.537,128.224
212,672,0.630,128.854
213,672,0.530,129.384
214,672,0.585,129.969
215,672,0.606,130.575
216,672,0.527,131.102
217,672,0.538,131.640
218,672,0.544,132.184
219,672,0.640,132.824
220,672,0.766,133.590
221,672,0.643,134.233
222,672,0.570,134.803
223,672,0.553,135.356
224,672,0.613,135.969
225,672,0.646,136.615
226,672,0.562,137.177
227,672,0.607,137.784
228,672,0.599,138.383
229,672,0.591,138.974
230,672,0.543,139.517
231,672,0.546,140.063
232,672,0.534,140.597
233,672,0.545,141.142
234,672,0.560,141.702
235,672,0.538,142.240
236,672,0.521,142.761
237,672,0.649,143.410
238,672,0.553,143.963
239,674,0.663,144.626
240,674,0.563,145.189
241,674,0.676,145.865
242,674,0.581,146.446
243,674,0.627,147.073
244,674,0.562,147.635
245,674,0.579,148.214
246,674,0.540,148.754
247,674,0.588,149.342
248,674,0.637,149.979
249,674,0.547,150.526
250,674,0.528,151.054
251,674,0.539,151.593
252,674,0.526,152.119
253,674,0.559,152.678
254,674,0.580,153.258
255,674,0.538,153.796
256,674,0.539,154.335
257,674,0.576,154.911
258,674,0.594,155.505
259,674,0.559,156.064
260,674,0.548,156.612
261,674,0.550,157.162
262,674,0.537,157.699
263,674,0.563,158.262
264,674,0.550,158.812
265,675,0.512,159.324
266,675,0.556,159.880
267,675,0.560,160.440
268,675,0.533,160.973
269,675,0.539,161.512
270,675,0.523,162.035
271,675,0.523,162.558
272,675,0.542,163.100
273,675,0.516,163.616
274,675,0.536,164.152
275,679,0.523,164.675
276,679,0.537,165.212
277,679,0.527,165.739
278,679,0.528,166.267
279,679,0.581,166.848
280,679,0.517,167.365
281,679,0.568,167.933
282,679,0.519,168.452
283,679,0.532,168.984
284,679,0.516,169.500
285,680,0.572,170.072
286,680,0.524,170.596
287,680,0.558,171.154
288,680,0.540,171.694
289,680,0.547,172.241
290,680,0.559,172.800
291,680,0.517,173.317
292,680,0.535,173.852
293,680,0.549,174.401
294,680,0.588,174.989
295,680,0.586,175.575
296,680,0.513,176.088
297,680,0.529,176.617
298,680,0.545,177.162
299,680,0.561,177.723
300,680,0.637,178.360
301,680,0.529,178.889
302,680,0.605,179.494
303,680,0.536,180.030
304,680,0.578,180.608
305,680,0.532,181.140
306,680,0.569,181.709
307,680,0.617,182.326
308,680,0.715,183.041
309,680,0.594,183.635
310,680,0.623,184.258
311,680,0.613,184.871
312,680,0.569,185.440
313,680,0.559,185.999
314,680,0.575,186.574
315,680,0.601,187.175
316,680,0.597,187.772
317,680,0.592,188.364
318,680,0.569,188.933
319,680,0.601,189.534
320,680,0.602,190.136
321,680,0.530,190.666
322,680,0.527,191.193
323,680,0.512,191.705
324,680,0.567,192.272
325,680,0.578,192.850
326,680,0.575,193.425
327,680,0.554,193.979
328,680,0.567,194.546
329,680,0.545,195.091
330,680,0.592,195.683
331,680,0.541,196.224
332,680,0.540,196.764
333,680,0.553,197.317
334,680,0.545,197.862
335,680,0.557,198.419
336,680,0.530,198.949
337,680,0.541,199.490
338,680,0.535,200.025
339,680,0.561,200.586
340,680,0.543,201.129
341,680,0.511,201.640
342,680,0.552,202.192
343,680,0.490,202.682
344,680,0.481,203.163
345,680,0.502,203.665
346,680,0.510,204.175
347,680,0.530,204.705
348,680,0.581,205.286
349,680,0.506,205.792
350,680,0.479,206.271
351,680,0.543,206.814
352,680,0.511,207.325
353,680,0.513,207.838
354,680,0.519,208.357
355,680,0.522,208.879
356,680,0.504,209.383
357,680,0.482,209.865
358,680,0.518,210.383
359,680,0.482,210.865
360,680,0.488,211.353
361,680,0.522,211.875
362,680,0.502,212.377
363,680,0.492,212.869
364,680,0.484,213.353
365,680,0.477,213.830
366,680,0.481,214.311
367,680,0.481,214.792
368,680,0.489,215.281
369,680,0.489,215.770
370,680,0.481,216.251
371,680,0.515,216.766
372,680,0.591,217.357
373,680,0.519,217.876
374,680,0.538,218.414
375,680,0.537,218.951
376,680,0.496,219.447
377,680,0.484,219.931
378,680,0.488,220.419
379,680,0.484,220.903
380,680,0.484,221.387
381,680,0.519,221.906
382,680,0.501,222.407
383,680,0.496,222.9