Generation,Best,Time,Total_Time
0,719,0.729,0.729
1,719,0.574,1.303
2,725,0.517,1.820
3,732,0.535,2.355
4,732,0.541,2.896
5,732,0.538,3.434
6,732,0.500,3.934
7,732,0.515,4.449
8,732,0.596,5.045
9,732,0.505,5.550
10,732,0.499,6.049
11,732,0.511,6.560
12,732,0.493,7.053
13,733,0.537,7.590
14,733,0.514,8.104
15,733,0.488,8.592
16,733,0.480,9.072
17,733,0.503,9.575
18,755,0.534,10.109
19,755,0.486,10.595
20,755,0.505,11.100
21,755,0.489,11.589
22,775,0.504,12.093
23,775,0.519,12.612
24,775,0.545,13.157
25,775,0.488,13.645
26,775,0.510,14.155
27,775,0.493,14.648
28,775,0.503,15.151
29,775,0.548,15.699
30,775,0.491,16.190
31,775,0.507,16.697
32,795,0.592,17.289
33,795,0.502,17.791
34,795,0.522,18.313
35,795,0.543,18.856
36,795,0.504,19.360
37,797,0.496,19.856
38,797,0.501,20.357
39,797,0.516,20.873
40,797,0.483,21.356
41,797,0.570,21.926
42,797,0.492,22.418
43,797,0.511,22.929
44,797,0.483,23.412
45,797,0.489,23.901
46,798,0.492,24.393
47,798,0.512,24.905
48,798,0.478,25.383
49,798,0.476,25.859
50,798,0.505,26.364
51,798,0.580,26.944
52,798,0.483,27.427
53,798,0.497,27.924
54,798,0.544,28.468
55,798,0.513,28.981
56,798,0.522,29.503
57,798,0.505,30.008
58,798,0.510,30.518
59,799,0.493,31.011
60,799,0.516,31.527
61,799,0.515,32.042
62,799,0.562,32.604
63,799,0.490,33.094
64,799,0.516,33.610
65,799,0.563,34.173
66,799,0.507,34.680
67,799,0.520,35.200
68,799,0.501,35.701
69,799,0.527,36.228
70,799,0.545,36.773
71,799,0.493,37.266
72,799,0.495,37.761
73,799,0.498,38.259
74,799,0.491,38.750
75,799,0.621,39.371
76,799,0.500,39.871
77,799,0.503,40.374
78,799,0.497,40.871
79,799,0.517,41.388
80,799,0.503,41.891
81,799,0.484,42.375
82,799,0.501,42.876
83,799,0.496,43.372
84,799,0.502,43.874
85,799,0.558,44.432
86,799,0.494,44.926
87,799,0.532,45.458
88,799,0.512,45.970
89,799,0.550,46.520
90,799,0.562,47.082
91,799,0.531,47.613
92,799,0.517,48.130
93,799,0.500,48.630
94,799,0.545,49.175
95,799,0.551,49.726
96,799,0.622,50.348
97,799,0.648,50.996
98,799,0.586,51.582
99,799,0.547,52.129
100,799,0.532,52.661
101,799,0.557,53.218
102,799,0.551,53.769
103,799,0.586,54.355
104,799,0.547,54.902
105,799,0.512,55.414
106,799,0.589,56.003
107,799,0.531,56.534
108,799,0.508,57.042
109,799,0.513,57.555
110,799,0.575,58.130
111,799,0.523,58.653
112,799,0.510,59.163
113,799,0.520,59.683
114,799,0.515,60.198
115,799,0.554,60.752
116,799,0.683,61.435
117,799,0.748,62.183
118,799,0.530,62.713
119,799,0.622,63.335
120,799,0.618,63.953
121,799,0.512,64.465
122,799,0.502,64.967
123,799,0.532,65.499
124,799,0.655,66.154
125,799,0.571,66.725
126,799,0.555,67.280
127,799,0.556,67.836
128,799,0.515,68.351
129,799,0.539,68.890
130,799,0.525,69.415
131,799,0.526,69.941
132,799,0.536,70.477
133,799,0.566,71.043
134,799,0.613,71.656
135,799,0.690,72.346
136,799,0.618,72.964
137,799,0.527,73.491
138,799,0.533,74.024
139,799,0.627,74.651
140,799,0.610,75.261
141,799,0.668,75.929
142,799,0.818,76.747
143,799,0.791,77.538
144,799,0.585,78.123
145,799,0.530,78.653
146,799,0.549,79.202
147,799,0.579,79.781
148,799,0.564,80.345
149,799,0.635,80.980
150,799,0.539,81.519
151,799,0.572,82.091
152,799,0.539,82.630
153,799,0.591,83.221
154,799,0.525,83.746
155,799,0.538,84.284
156,799,0.498,84.782
157,799,0.573,85.355
158,799,0.652,86.007
159,799,0.527,86.534
160,799,0.537,87.071
161,799,0.629,87.700
162,799,0.579,88.279
163,799,0.535,88.814
164,799,0.559,89.373
165,799,0.582,89.955
166,799,0.563,90.518
167,799,0.537,91.055
168,799,0.596,91.651
169,799,0.563,92.214
170,799,0.547,92.761
171,799,0.598,93.359
172,799,0.530,93.889
173,799,0.536,94.425
174,799,0.699,95.124
175,799,0.608,95.732
176,800,0.536,96.268
177,800,0.534,96.802
178,800,0.549,97.351
179,800,0.573,97.924
180,800,0.570,98.494
181,800,0.514,99.008
182,800,0.564,99.572
183,800,0.504,100.076
184,800,0.544,100.620
185,800,0.523,101.143
186,800,0.503,101.646
187,800,0.509,102.155
188,800,0.510,102.665
189,800,0.545,103.210
190,800,0.595,103.805
191,800,0.504,104.309
192,800,0.509,104.818
193,800,0.535,105.353
194,800,0.507,105.860
195,800,0.513,106.373
196,800,0.518,106.891
197,800,0.494,107.385
198,800,0.513,107.898
199,800,0.545,108.443
200,800,0.569,109.012
201,800,0.519,109.531
202,800,0.586,110.117
203,804,0.592,110.709
204,804,0.699,111.408
205,804,0.525,111.933
206,804,0.544,112.477
207,804,0.508,112.985
208,804,0.595,113.580
209,804,0.494,114.074
210,804,0.531,114.605
211,804,0.524,115.129
212,804,0.545,115.674
213,804,0.498,116.172
214,804,0.503,116.675
215,804,0.500,117.175
216,804,0.553,117.728
217,804,0.508,118.236
218,804,0.573,118.809
219,804,0.524,119.333
220,804,0.538,119.871
221,804,0.537,120.408
222,804,0.504,120.912
223,804,0.552,121.464
224,804,0.521,121.985
225,804,0.504,122.489
226,809,0.606,123.095
227,809,0.520,123.615
228,809,0.521,124.136
229,809,0.530,124.666
230,809,0.527,125.193
231,809,0.514,125.707
232,809,0.490,126.197
233,809,0.496,126.693
234,809,0.543,127.236
235,809,0.563,127.799
236,809,0.510,128.309
237,809,0.494,128.803
238,809,0.520,129.323
239,809,0.544,129.867
240,809,0.535,130.402
241,810,0.531,130.933
242,810,0.526,131.459
243,810,0.692,132.151
244,810,0.560,132.711
245,810,0.558,133.269
246,810,0.740,134.009
247,810,0.522,134.531
248,811,0.542,135.073
249,811,0.528,135.601
250,811,0.553,136.154
251,811,0.531,136.685
252,811,0.566,137.251
253,811,0.621,137.872
254,811,0.556,138.428
255,811,0.585,139.013
256,811,0.584,139.597
257,812,0.521,140.118
258,812,0.550,140.668
259,812,0.542,141.210
260,815,0.572,141.782
261,815,0.507,142.289
262,815,0.502,142.791
263,815,0.519,143.310
264,815,0.493,143.803
265,815,0.510,144.313
266,815,0.515,144.828
267,815,0.487,145.315
268,815,0.521,145.836
269,815,0.484,146.320
270,818,0.570,146.890
271,818,0.477,147.367
272,818,0.593,147.960
273,818,0.493,148.453
274,818,0.508,148.961
275,818,0.510,149.471
276,818,0.507,149.978
277,818,0.595,150.573
278,818,0.540,151.113
279,818,0.497,151.610
280,818,0.506,152.116
281,818,0.513,152.629
282,818,0.516,153.145
283,818,0.547,153.692
284,818,0.515,154.207
285,819,0.615,154.822
286,819,0.500,155.322
287,819,0.508,155.830
288,819,0.489,156.319
289,819,0.499,156.818
290,819,0.497,157.315
291,819,0.501,157.816
292,819,0.552,158.368
293,819,0.511,158.879
294,819,0.526,159.405
295,819,0.572,159.977
296,819,0.512,160.489
297,819,0.506,160.995
298,819,0.493,161.488
299,819,0.536,162.024
300,834,0.611,162.635
301,834,0.504,163.139
302,834,0.515,163.654
303,834,0.574,164.228
304,834,0.535,164.763
305,834,0.532,165.295
306,834,0.518,165.813
307,834,0.528,166.341
308,834,0.520,166.861
309,834,0.539,167.400
310,834,0.483,167.883
311,838,0.510,168.393
312,838,0.525,168.918
313,838,0.538,169.456
314,838,0.507,169.963
315,838,0.574,170.537
316,838,0.503,171.040
317,838,0.510,171.550
318,838,0.557,172.107
319,838,0.530,172.637
320,838,0.493,173.130
321,838,0.485,173.615
322,838,0.524,174.139
323,838,0.591,174.730
324,838,0.500,175.230
325,838,0.528,175.758
326,838,0.551,176.309
327,838,0.503,176.812
328,838,0.506,177.318
329,838,0.492,177.810
330,838,0.585,178.395
331,838,0.532,178.927
332,838,0.508,179.435
333,838,0.544,179.979
334,838,0.492,180.471
335,838,0.524,180.995
336,838,0.496,181.491
337,838,0.530,182.021
338,838,0.586,182.607
339,838,0.508,183.115
340,838,0.485,183.600
341,838,0.524,184.124
342,838,0.502,184.626
343,838,0.494,185.120
344,838,0.489,185.609
345,838,0.609,186.218
346,838,0.493,186.711
347,838,0.493,187.204
348,838,0.506,187.710
349,838,0.514,188.224
350,838,0.510,188.734
351,838,0.521,189.255
352,838,0.516,189.771
353,838,0.543,190.314
354,838,0.558,190.872
355,838,0.514,191.386
356,838,0.581,191.967
357,838,0.532,192.499
358,838,0.505,193.004
359,838,0.559,193.563
360,838,0.512,194.075
361,838,0.505,194.580
362,838,0.484,195.064
363,838,0.510,195.574
364,838,0.495,196.069
365,838,0.524,196.593
366,838,0.583,197.176
367,838,0.518,197.694
368,838,0.498,198.192
369,838,0.535,198.727
370,838,0.505,199.232
371,838,0.569,199.801
372,838,0.527,200.328
373,838,0.505,200.833
374,838,0.512,201.345
375,838,0.533,201.878
376,838,0.525,202.403
377,838,0.568,202.971
378,838,0.548,203.519
379,838,0.519,204.038
380,838,0.596,204.634
381,838,0.507,205.141
382,838,0.518,205.659
383,838,0.501,206.160
384,838,0.502,206.662
3