Generation,Best,Time,Total_Time
0,630,0.546,0.546
1,630,0.171,0.717
2,630,0.134,0.851
3,630,0.162,1.013
4,630,0.134,1.147
5,630,0.130,1.277
6,630,0.128,1.405
7,630,0.215,1.620
8,630,0.178,1.798
9,630,0.140,1.938
10,630,0.122,2.060
11,630,0.137,2.197
12,630,0.131,2.328
13,630,0.116,2.444
14,630,0.105,2.549
15,630,0.096,2.645
16,630,0.130,2.775
17,630,0.113,2.888
18,630,0.119,3.007
19,630,0.088,3.095
20,630,0.097,3.192
21,630,0.089,3.281
22,630,0.093,3.374
23,630,0.092,3.466
24,630,0.096,3.562
25,630,0.130,3.692
26,635,0.275,3.967
27,635,0.208,4.175
28,635,0.133,4.308
29,635,0.107,4.415
30,635,0.119,4.534
31,635,0.122,4.656
32,635,0.152,4.808
33,635,0.112,4.920
34,635,0.149,5.069
35,635,0.133,5.202
36,635,0.111,5.313
37,635,0.104,5.417
38,635,0.107,5.524
39,635,0.114,5.638
40,635,0.180,5.818
41,635,0.143,5.961
42,635,0.119,6.080
43,635,0.111,6.191
44,635,0.113,6.304
45,635,0.131,6.435
46,635,0.204,6.639
47,635,0.137,6.776
48,635,0.107,6.883
49,635,0.097,6.980
50,635,0.106,7.086
51,635,0.102,7.188
52,635,0.079,7.267
53,635,0.097,7.364
54,635,0.089,7.453
55,635,0.084,7.537
56,635,0.098,7.635
57,635,0.096,7.731
58,635,0.103,7.834
59,635,0.088,7.922
60,635,0.082,8.004
61,635,0.082,8.086
62,635,0.072,8.158
63,638,0.077,8.235
64,638,0.084,8.319
65,638,0.085,8.404
66,638,0.089,8.493
67,638,0.164,8.657
68,638,0.093,8.750
69,638,0.100,8.850
70,638,0.085,8.935
71,638,0.082,9.017
72,638,0.091,9.108
73,638,0.088,9.196
74,638,0.086,9.282
75,638,0.098,9.380
76,638,0.086,9.466
77,638,0.082,9.548
78,638,0.097,9.645
79,638,0.080,9.725
80,638,0.098,9.823
81,638,0.085,9.908
82,638,0.086,9.994
83,638,0.092,10.086
84,638,0.090,10.176
85,638,0.086,10.262
86,638,0.093,10.355
87,638,0.080,10.435
88,638,0.077,10.512
89,638,0.086,10.598
90,638,0.077,10.675
91,638,0.080,10.755
92,638,0.087,10.842
93,638,0.088,10.930
94,638,0.086,11.016
95,638,0.084,11.100
96,638,0.083,11.183
97,638,0.087,11.270
98,638,0.084,11.354
99,638,0.087,11.441
100,638,0.089,11.530
101,638,0.081,11.611
102,638,0.081,11.692
103,638,0.082,11.774
104,638,0.080,11.854
105,638,0.136,11.990
106,638,0.087,12.077
107,638,0.088,12.165
108,638,0.080,12.245
109,638,0.091,12.336
110,638,0.092,12.428
111,638,0.083,12.511
112,638,0.084,12.595
113,638,0.092,12.687
114,638,0.089,12.776
115,638,0.086,12.862
116,638,0.080,12.942
117,638,0.083,13.025
118,638,0.088,13.113
119,638,0.072,13.185
120,638,0.085,13.270
121,638,0.084,13.354
122,638,0.082,13.436
123,638,0.085,13.521
124,638,0.080,13.601
125,638,0.080,13.681
126,638,0.078,13.759
127,638,0.086,13.845
128,638,0.084,13.929
129,638,0.099,14.028
130,638,0.092,14.120
131,638,0.085,14.205
132,638,0.085,14.290
133,638,0.083,14.373
134,638,0.079,14.452
135,638,0.086,14.538
136,638,0.074,14.612
137,638,0.085,14.697
138,638,0.089,14.786
139,638,0.078,14.864
140,638,0.084,14.948
141,638,0.077,15.025
142,638,0.128,15.153
143,638,0.084,15.237
144,640,0.088,15.325
145,640,0.095,15.420
146,640,0.085,15.505
147,640,0.076,15.581
148,640,0.081,15.662
149,640,0.077,15.739
150,640,0.078,15.817
151,640,0.088,15.905
152,640,0.101,16.006
153,640,0.080,16.086
154,640,0.089,16.175
155,640,0.085,16.260
156,640,0.080,16.340
157,640,0.080,16.420
158,640,0.083,16.503
159,640,0.075,16.578
160,640,0.078,16.656
161,640,0.078,16.734
162,640,0.087,16.821
163,640,0.074,16.895
164,640,0.086,16.981
165,640,0.083,17.064
166,640,0.090,17.154
167,640,0.083,17.237
168,640,0.096,17.333
169,640,0.077,17.410
170,640,0.088,17.498
171,640,0.081,17.579
172,651,0.089,17.668
173,651,0.079,17.747
174,651,0.077,17.824
175,651,0.075,17.899
176,651,0.075,17.974
177,651,0.086,18.060
178,651,0.150,18.210
179,651,0.096,18.306
180,651,0.091,18.397
181,651,0.076,18.473
182,651,0.087,18.560
183,651,0.116,18.676
184,651,0.102,18.778
185,651,0.091,18.869
186,651,0.089,18.958
187,658,0.083,19.041
188,658,0.078,19.119
189,658,0.088,19.207
190,658,0.096,19.303
191,658,0.080,19.383
192,658,0.084,19.467
193,658,0.075,19.542
194,658,0.083,19.625
195,658,0.072,19.697
196,658,0.078,19.775
197,658,0.094,19.869
198,658,0.084,19.953
199,658,0.080,20.033
200,658,0.087,20.120
201,658,0.078,20.198
202,658,0.080,20.278
203,658,0.089,20.367
204,658,0.083,20.450
205,658,0.074,20.524
206,658,0.086,20.610
207,658,0.079,20.689
208,658,0.076,20.765
209,658,0.082,20.847
210,658,0.078,20.925
211,658,0.083,21.008
212,658,0.081,21.089
213,658,0.145,21.234
214,658,0.088,21.322
215,658,0.083,21.405
216,658,0.076,21.481
217,658,0.085,21.566
218,658,0.083,21.649
219,658,0.078,21.727
220,658,0.080,21.807
221,658,0.079,21.886
222,658,0.089,21.975
223,658,0.083,22.058
224,658,0.081,22.139
225,658,0.091,22.230
226,658,0.074,22.304
227,658,0.082,22.386
228,658,0.080,22.466
229,658,0.086,22.552
230,658,0.077,22.629
231,658,0.071,22.700
232,658,0.079,22.779
233,658,0.078,22.857
234,658,0.080,22.937
235,658,0.078,23.015
236,658,0.075,23.090
237,658,0.076,23.166
238,658,0.083,23.249
239,658,0.079,23.328
240,658,0.086,23.414
241,658,0.086,23.500
242,658,0.092,23.592
243,678,0.071,23.663
244,678,0.078,23.741
245,678,0.079,23.820
246,678,0.071,23.891
247,678,0.093,23.984
248,678,0.085,24.069
249,678,0.074,24.143
250,678,0.077,24.220
251,678,0.076,24.296
252,678,0.092,24.388
253,678,0.085,24.473
254,678,0.083,24.556
255,678,0.077,24.633
256,678,0.150,24.783
257,678,0.085,24.868
258,678,0.074,24.942
259,678,0.078,25.020
260,678,0.074,25.094
261,678,0.070,25.164
262,678,0.080,25.244
263,678,0.077,25.321
264,678,0.093,25.414
265,678,0.082,25.496
266,678,0.074,25.570
267,678,0.074,25.644
268,678,0.085,25.729
269,678,0.076,25.805
270,678,0.068,25.873
271,678,0.080,25.953
272,678,0.082,26.035
273,678,0.067,26.102
274,678,0.080,26.182
275,678,0.078,26.260
276,678,0.075,26.335
277,678,0.085,26.420
278,678,0.083,26.503
279,678,0.065,26.568
280,678,0.071,26.639
281,678,0.080,26.719
282,678,0.076,26.795
283,678,0.068,26.863
284,678,0.090,26.953
285,678,0.072,27.025
286,678,0.062,27.087
287,678,0.081,27.168
288,678,0.081,27.249
289,678,0.076,27.325
290,678,0.082,27.407
291,678,0.076,27.483
292,678,0.074,27.557
293,678,0.076,27.633
294,678,0.072,27.705
295,678,0.070,27.775
296,678,0.066,27.841
297,678,0.122,27.963
298,678,0.088,28.051
299,678,0.084,28.135
300,678,0.085,28.220
301,678,0.095,28.315
302,678,0.073,28.388
303,678,0.089,28.477
304,678,0.080,28.557
305,678,0.077,28.634
306,678,0.068,28.702
307,678,0.083,28.785
308,678,0.068,28.853
309,678,0.074,28.927
310,678,0.073,29.000
311,678,0.077,29.077
312,678,0.080,29.157
313,678,0.087,29.244
314,678,0.078,29.322
315,678,0.075,29.397
316,678,0.081,29.478
317,678,0.084,29.562
318,678,0.088,29.650
319,678,0.073,29.723
320,678,0.075,29.798
321,678,0.071,29.869
322,678,0.075,29.944
323,678,0.084,30.028
324,678,0.066,30.094
325,678,0.070,30.164
326,678,0.065,30.229
327,678,0.076,30.305
328,678,0.073,30.378
329,678,0.082,30.460
330,678,0.083,30.543
331,678,0.093,30.636
332,678,0.086,30.722
333,678,0.109,30.831
334,678,0.093,30.924
335,678,0.083,31.007
336,678,0.085,31.092
337,678,0.111,31.203
338,678,0.089,31.292
339,678,0.094,31.386
340,678,0.087,31.473
341,678,0.083,31.556
342,678,0.080,31.636
343,678,0.079,31.715
344,678,0.095,31.810
345,678,0.101,31.911
346,678,0.083,31.994
347,678,0.081,32.075
348,678,0.079,32.154
349,678,0.090,32.244
350,678,0.089,32.333
351,678,0.089,32.422
352,678,0.075,32.497
353,678,0.072,32.569
354,678,0.077,32.646
355,678,0.068,32.714
356,678,0.082,32.796
357,678,0.084,32.880
358,678,0.082,32.962
359,678,0.078,33.040
360,678,0.083,33.123
361,678,0.077,33.200
362,678,0.105,33.305
363,678,0.090,33.395
364,678,0.094,33.489
365,678,0.089,33.578
366,678,0.065,33.643
367,678,0.072,33.715
368,678,0.136,33.851
369,678,0.097,33.948
370,678,0.084,34.032
371,678,0.101,34.133
372,678,0.086,34.219
373,678,0.081,34.300
374,678,0.070,34.370
375,678,0.069,34.439
376,678,0.072,34.511
377,678,0.064,34.575
378,678,0.071,34.646
379,678,0.064,34.710
380,678,0.077,34.787
381,678,0.068,34.855
382,678,0.060,34.915
383,678,0.098,35.013
384,678,0.156,35.169
385,678,0.093,35.262
386,678,0.068,35.330
387,678,0.069,35.399
388,678,0.075,35.474
389,678,0.063,35.537
390,678,0.069,35.606
391,678,0.075,35.681
392,678,0.065,35.746
393,678,0.057,35.803
394,678,0.075,35.878
395,678,0.056,35.934
396,678,0.075,36.009
397,678,0.079,36