Generation,Best,Time,Total_Time
0,510,0.222,0.222
1,510,0.075,0.297
2,510,0.091,0.388
3,510,0.085,0.473
4,510,0.080,0.553
5,510,0.091,0.644
6,510,0.077,0.721
7,510,0.081,0.802
8,510,0.068,0.870
9,510,0.058,0.928
10,510,0.085,1.013
11,510,0.066,1.079
12,510,0.082,1.161
13,510,0.083,1.244
14,510,0.084,1.328
15,510,0.066,1.394
16,510,0.083,1.477
17,510,0.083,1.560
18,510,0.085,1.645
19,510,0.098,1.743
20,510,0.102,1.845
21,510,0.084,1.929
22,510,0.099,2.028
23,510,0.090,2.118
24,510,0.065,2.183
25,510,0.086,2.269
26,510,0.069,2.338
27,510,0.072,2.410
28,510,0.058,2.468
29,510,0.066,2.534
30,510,0.112,2.646
31,510,0.106,2.752
32,510,0.095,2.847
33,510,0.117,2.964
34,510,0.100,3.064
35,510,0.072,3.136
36,510,0.072,3.208
37,510,0.078,3.286
38,510,0.068,3.354
39,510,0.077,3.431
40,510,0.083,3.514
41,510,0.100,3.614
42,510,0.108,3.722
43,510,0.082,3.804
44,510,0.119,3.923
45,510,0.093,4.016
46,510,0.078,4.094
47,510,0.065,4.159
48,510,0.066,4.225
49,510,0.072,4.297
50,510,0.076,4.373
51,510,0.101,4.474
52,510,0.072,4.546
53,510,0.105,4.651
54,510,0.079,4.730
55,510,0.086,4.816
56,510,0.076,4.892
57,510,0.066,4.958
58,510,0.085,5.043
59,510,0.092,5.135
60,510,0.080,5.215
61,510,0.098,5.313
62,510,0.082,5.395
63,510,0.082,5.477
64,510,0.067,5.544
65,510,0.086,5.630
66,510,0.083,5.713
67,510,0.064,5.777
68,510,0.062,5.839
69,510,0.071,5.910
70,510,0.095,6.005
71,510,0.077,6.082
72,510,0.069,6.151
73,510,0.081,6.232
74,510,0.071,6.303
75,510,0.086,6.389
76,510,0.094,6.483
77,510,0.085,6.568
78,510,0.078,6.646
79,510,0.074,6.720
80,510,0.063,6.783
81,510,0.063,6.846
82,510,0.058,6.904
83,510,0.064,6.968
84,510,0.066,7.034
85,510,0.066,7.100
86,510,0.086,7.186
87,510,0.080,7.266
88,510,0.067,7.333
89,510,0.065,7.398
90,510,0.089,7.487
91,510,0.070,7.557
92,510,0.081,7.638
93,510,0.084,7.722
94,510,0.082,7.804
95,510,0.093,7.897
96,510,0.109,8.006
97,510,0.093,8.099
98,510,0.107,8.206
99,510,0.113,8.319
100,510,0.094,8.413
101,510,0.100,8.513
102,510,0.081,8.594
103,510,0.091,8.685
104,510,0.156,8.841
105,510,0.133,8.974
106,510,0.090,9.064
107,510,0.091,9.155
108,510,0.079,9.234
109,510,0.070,9.304
110,510,0.070,9.374
111,510,0.074,9.448
112,510,0.067,9.515
113,510,0.097,9.612
114,510,0.114,9.726
115,510,0.106,9.832
116,510,0.081,9.913
117,510,0.067,9.980
118,510,0.068,10.048
119,510,0.065,10.113
120,510,0.066,10.179
121,510,0.067,10.246
122,510,0.067,10.313
123,510,0.099,10.412
124,510,0.067,10.479
125,510,0.101,10.580
126,510,0.103,10.683
127,510,0.060,10.743
128,510,0.050,10.793
129,510,0.067,10.860
130,510,0.096,10.956
131,510,0.075,11.031
132,510,0.066,11.097
133,510,0.084,11.181
134,510,0.081,11.262
135,510,0.076,11.338
136,510,0.063,11.401
137,510,0.085,11.486
138,510,0.080,11.566
139,510,0.075,11.641
140,510,0.084,11.725
141,510,0.104,11.829
142,510,0.096,11.925
143,510,0.090,12.015
144,510,0.081,12.096
145,510,0.085,12.181
146,510,0.099,12.280
147,510,0.096,12.376
148,510,0.087,12.463
149,510,0.075,12.538
150,510,0.075,12.613
151,510,0.077,12.690
152,510,0.092,12.782
153,510,0.105,12.887
154,510,0.090,12.977
155,510,0.088,13.065
156,510,0.062,13.127
157,510,0.084,13.211
158,510,0.080,13.291
159,510,0.088,13.379
160,510,0.080,13.459
161,510,0.080,13.539
162,510,0.079,13.618
163,510,0.066,13.684
164,510,0.070,13.754
165,510,0.121,13.875
166,510,0.067,13.942
167,510,0.076,14.018
168,510,0.077,14.095
169,510,0.062,14.157
170,510,0.050,14.207
171,510,0.067,14.274
172,510,0.086,14.360
173,510,0.060,14.420
174,510,0.098,14.518
175,510,0.083,14.601
176,510,0.085,14.686
177,510,0.066,14.752
178,510,0.066,14.818
179,510,0.067,14.885
180,510,0.067,14.952
181,510,0.067,15.019
182,510,0.086,15.105
183,510,0.060,15.165
184,510,0.066,15.231
185,510,0.071,15.302
186,510,0.063,15.365
187,510,0.065,15.430
188,510,0.050,15.480
189,510,0.063,15.543
190,510,0.067,15.610
191,510,0.086,15.696
192,510,0.086,15.782
193,510,0.077,15.859
194,510,0.081,15.940
195,510,0.065,16.005
196,510,0.063,16.068
197,510,0.065,16.133
198,510,0.072,16.205
199,510,0.079,16.284
200,510,0.067,16.351
201,510,0.088,16.439
202,510,0.079,16.518
203,510,0.070,16.588
204,510,0.057,16.645
205,510,0.083,16.728
206,510,0.066,16.794
207,510,0.102,16.896
208,510,0.115,17.011
209,510,0.087,17.098
210,510,0.090,17.188
211,510,0.087,17.275
212,510,0.077,17.352
213,510,0.085,17.437
214,510,0.082,17.519
215,510,0.067,17.586
216,510,0.069,17.655
217,510,0.068,17.723
218,510,0.050,17.773
219,510,0.083,17.856
220,510,0.084,17.940
221,510,0.063,18.003
222,510,0.078,18.081
223,510,0.066,18.147
224,510,0.070,18.217
225,510,0.064,18.281
226,510,0.074,18.355
227,510,0.072,18.427
228,510,0.073,18.500
229,510,0.060,18.560
230,510,0.060,18.620
231,510,0.069,18.689
232,510,0.069,18.758
233,510,0.106,18.864
234,510,0.133,18.997
235,510,0.132,19.129
236,510,0.099,19.228
237,510,0.083,19.311
238,510,0.085,19.396
239,510,0.066,19.462
240,510,0.083,19.545
241,510,0.066,19.611
242,510,0.081,19.692
243,510,0.079,19.771
244,510,0.133,19.904
245,510,0.088,19.992
246,510,0.083,20.075
247,510,0.118,20.193
248,510,0.086,20.279
249,510,0.113,20.392
250,510,0.114,20.506
251,510,0.087,20.593
252,510,0.068,20.661
253,510,0.078,20.739
254,510,0.070,20.809
255,510,0.090,20.899
256,510,0.069,20.968
257,510,0.076,21.044
258,510,0.070,21.114
259,510,0.077,21.191
260,510,0.083,21.274
261,510,0.072,21.346
262,510,0.077,21.423
263,510,0.141,21.564
264,510,0.106,21.670
265,510,0.111,21.781
266,510,0.102,21.883
267,510,0.113,21.996
268,510,0.081,22.077
269,510,0.093,22.170
270,510,0.110,22.280
271,510,0.088,22.368
272,510,0.067,22.435
273,510,0.097,22.532
274,510,0.088,22.620
275,510,0.110,22.730
276,510,0.113,22.843
277,510,0.082,22.925
278,510,0.090,23.015
279,510,0.071,23.086
280,510,0.092,23.178
281,510,0.088,23.266
282,510,0.079,23.345
283,510,0.084,23.429
284,510,0.076,23.505
285,510,0.076,23.581
286,510,0.072,23.653
287,510,0.075,23.728
288,510,0.075,23.803
289,510,0.089,23.892
290,510,0.102,23.994
291,510,0.098,24.092
292,510,0.079,24.171
293,510,0.082,24.253
294,510,0.083,24.336
295,510,0.074,24.410
296,510,0.080,24.490
297,510,0.069,24.559
298,510,0.077,24.636
299,510,0.072,24.708
300,510,0.078,24.786
301,510,0.071,24.857
302,510,0.067,24.924
303,510,0.076,25.000
304,510,0.069,25.069
305,510,0.072,25.141
306,510,0.098,25.239
307,510,0.109,25.348
308,510,0.098,25.446
309,510,0.087,25.533
310,510,0.088,25.621
311,510,0.073,25.694
312,510,0.088,25.782
313,510,0.091,25.873
314,510,0.077,25.950
315,510,0.080,26.030
316,510,0.102,26.132
317,510,0.092,26.224
318,510,0.107,26.331
319,510,0.094,26.425
320,510,0.102,26.527
321,510,0.084,26.611
322,510,0.085,26.696
323,510,0.108,26.804
324,510,0.090,26.894
325,510,0.090,26.984
326,510,0.093,27.077
327,510,0.090,27.167
328,510,0.166,27.333
329,510,0.128,27.461
330,510,0.114,27.575
331,510,0.089,27.664
332,510,0.078,27.742
333,510,0.074,27.816
334,510,0.087,27.903
335,510,0.069,27.972
336,510,0.107,28.079
337,510,0.083,28.162
338,510,0.083,28.245
339,510,0.076,28.321
340,510,0.075,28.396
341,510,0.072,28.468
342,510,0.065,28.533
343,510,0.069,28.602
344,510,0.071,28.673
345,510,0.073,28.746
346,510,0.083,28.829
347,510,0.090,28.919
348,510,0.096,29.015
349,510,0.089,29.104
350,510,0.070,29.174
351,510,0.068,29.242
352,510,0.076,29.318
353,510,0.089,29.407
354,510,0.084,29.491
355,510,0.071,29.562
356,510,0.073,29.635
357,510,0.071,29.706
358,510,0.074,29.780
359,510,0.085,29.865
360,510,0.074,29.939
361,510,0.068,30.007
362,510,0.079,30.086
363,510,0.080,30.166
364,510,0.094,30.260
365,510,0.078,30.338
366,510,0.093,30.431
367,510,0.093,30.524
368,510,0.094,30.618
369,510,0.088,30.706
370,510,0.086,30.792
371,510,0.074,30.866
372,510,0.065,30.931
373,510,0.076,31.007
374,510,0.098,31.105
375,510,0.083,31.188
376,510,0.095,31.283
377,510,0.070,31.353
378,510,0.080,31.433
379,510,0.088,31.521
380,510,0.072,31.593
381,510,0.068,31.661
382,510,0.070,31.731
383,510,0.093,31.824
384,510,0.072,31.896
385,510,0.089,31.985
386,510,0.080,32.065
387,510,0.084,32.149
388,510,0.074,32.223
389,510,0.079,32.302
390,510,0.082,32.384
391,510,0.075,32.459
392,510,0.074,32.533
393,510,0.079,32.612
394,510,0.073,32.685
395,510,0.082,32.767
396,510,0.068,32.835
397,510,0.068,32.903
398,510,0.076,32.979
399,510,0