Generation,Best,Time,Total_Time
0,538,1.187,1.187
1,563,0.679,1.866
2,563,0.672,2.538
3,563,0.635,3.173
4,569,0.658,3.831
5,569,0.644,4.475
6,569,0.593,5.068
7,569,0.795,5.863
8,584,0.654,6.517
9,584,0.565,7.082
10,584,0.578,7.660
11,584,0.713,8.373
12,584,0.642,9.015
13,584,0.637,9.652
14,599,0.628,10.280
15,600,0.637,10.917
16,600,0.661,11.578
17,600,0.601,12.179
18,609,0.578,12.757
19,609,0.586,13.343
20,609,0.615,13.958
21,609,0.599,14.557
22,609,0.618,15.175
23,624,0.655,15.830
24,624,0.653,16.483
25,624,0.576,17.059
26,624,0.560,17.619
27,624,0.605,18.224
28,624,0.582,18.806
29,624,0.584,19.390
30,624,0.591,19.981
31,625,0.528,20.509
32,625,0.544,21.053
33,625,0.562,21.615
34,625,0.524,22.139
35,625,0.502,22.641
36,625,0.555,23.196
37,640,0.532,23.728
38,640,0.505,24.233
39,643,0.534,24.767
40,643,0.516,25.283
41,643,0.530,25.813
42,643,0.598,26.411
43,643,0.574,26.985
44,643,0.532,27.517
45,643,0.530,28.047
46,643,0.577,28.624
47,643,0.564,29.188
48,643,0.531,29.719
49,643,0.517,30.236
50,644,0.510,30.746
51,644,0.521,31.267
52,658,0.537,31.804
53,658,0.607,32.411
54,658,0.548,32.959
55,658,0.535,33.494
56,658,0.517,34.011
57,658,0.547,34.558
58,658,0.506,35.064
59,658,0.564,35.628
60,658,0.513,36.141
61,658,0.526,36.667
62,658,0.542,37.209
63,658,0.534,37.743
64,658,0.512,38.255
65,658,0.521,38.776
66,658,0.534,39.310
67,658,0.550,39.860
68,658,0.568,40.428
69,658,0.538,40.966
70,658,0.586,41.552
71,658,0.514,42.066
72,659,0.524,42.590
73,659,0.503,43.093
74,659,0.531,43.624
75,659,0.569,44.193
76,659,0.550,44.743
77,659,0.531,45.274
78,659,0.551,45.825
79,659,0.546,46.371
80,659,0.535,46.906
81,659,0.530,47.436
82,659,0.503,47.939
83,659,0.540,48.479
84,659,0.530,49.009
85,659,0.520,49.529
86,659,0.549,50.078
87,659,0.540,50.618
88,659,0.519,51.137
89,659,0.498,51.635
90,659,0.601,52.236
91,659,0.540,52.776
92,659,0.499,53.275
93,659,0.540,53.815
94,667,0.524,54.339
95,667,0.502,54.841
96,667,0.576,55.417
97,667,0.522,55.939
98,667,0.568,56.507
99,667,0.526,57.033
100,667,0.612,57.645
101,667,0.532,58.177
102,667,0.589,58.766
103,667,0.507,59.273
104,667,0.557,59.830
105,667,0.512,60.342
106,667,0.514,60.856
107,667,0.605,61.461
108,667,0.557,62.018
109,671,0.502,62.520
110,671,0.580,63.100
111,671,0.533,63.633
112,671,0.523,64.156
113,671,0.512,64.668
114,671,0.520,65.188
115,671,0.509,65.697
116,671,0.518,66.215
117,671,0.580,66.795
118,671,0.516,67.311
119,671,0.550,67.861
120,671,0.536,68.397
121,671,0.525,68.922
122,671,0.520,69.442
123,671,0.529,69.971
124,671,0.512,70.483
125,671,0.569,71.052
126,671,0.528,71.580
127,671,0.519,72.099
128,671,0.522,72.621
129,671,0.546,73.167
130,671,0.600,73.767
131,671,0.529,74.296
132,671,0.526,74.822
133,671,0.522,75.344
134,671,0.574,75.918
135,671,0.529,76.447
136,671,0.523,76.970
137,671,0.515,77.485
138,671,0.502,77.987
139,671,0.559,78.546
140,671,0.561,79.107
141,671,0.554,79.661
142,671,0.569,80.230
143,671,0.563,80.793
144,671,0.500,81.293
145,671,0.515,81.808
146,671,0.524,82.332
147,671,0.522,82.854
148,671,0.568,83.422
149,671,0.582,84.004
150,671,0.522,84.526
151,671,0.598,85.124
152,671,0.553,85.677
153,671,0.527,86.204
154,671,0.506,86.710
155,671,0.539,87.249
156,671,0.580,87.829
157,671,0.543,88.372
158,671,0.532,88.904
159,671,0.528,89.432
160,671,0.565,89.997
161,671,0.516,90.513
162,671,0.533,91.046
163,671,0.496,91.542
164,671,0.509,92.051
165,671,0.529,92.580
166,684,0.550,93.130
167,684,0.573,93.703
168,684,0.557,94.260
169,684,0.520,94.780
170,684,0.516,95.296
171,684,0.578,95.874
172,684,0.582,96.456
173,684,0.535,96.991
174,684,0.535,97.526
175,684,0.560,98.086
176,684,0.525,98.611
177,684,0.531,99.142
178,684,0.519,99.661
179,684,0.536,100.197
180,684,0.563,100.760
181,684,0.524,101.284
182,684,0.505,101.789
183,684,0.532,102.321
184,684,0.563,102.884
185,684,0.510,103.394
186,684,0.584,103.978
187,684,0.545,104.523
188,684,0.510,105.033
189,684,0.523,105.556
190,684,0.586,106.142
191,684,0.540,106.682
192,699,0.532,107.214
193,699,0.545,107.759
194,699,0.526,108.285
195,699,0.513,108.798
196,699,0.516,109.314
197,699,0.519,109.833
198,699,0.505,110.338
199,699,0.530,110.868
200,699,0.544,111.412
201,699,0.546,111.958
202,699,0.561,112.519
203,699,0.534,113.053
204,699,0.534,113.587
205,699,0.535,114.122
206,699,0.550,114.672
207,700,0.589,115.261
208,700,0.572,115.833
209,700,0.535,116.368
210,700,0.600,116.968
211,700,0.576,117.544
212,700,0.576,118.120
213,700,0.661,118.781
214,700,0.536,119.317
215,700,0.528,119.845
216,700,0.500,120.345
217,700,0.693,121.038
218,700,0.570,121.608
219,700,0.657,122.265
220,700,0.688,122.953
221,700,0.587,123.540
222,700,0.608,124.148
223,700,0.607,124.755
224,700,0.644,125.399
225,700,0.607,126.006
226,700,0.645,126.651
227,700,0.647,127.298
228,700,0.600,127.898
229,700,0.617,128.515
230,700,0.630,129.145
231,700,0.628,129.773
232,700,0.630,130.403
233,700,0.551,130.954
234,700,0.566,131.520
235,700,0.577,132.097
236,700,0.614,132.711
237,700,0.562,133.273
238,700,0.637,133.910
239,700,0.563,134.473
240,700,0.627,135.100
241,700,0.606,135.706
242,700,0.636,136.342
243,700,0.594,136.936
244,700,0.616,137.552
245,700,0.609,138.161
246,700,0.578,138.739
247,700,0.632,139.371
248,700,0.583,139.954
249,700,0.581,140.535
250,700,0.623,141.158
251,700,0.581,141.739
252,700,0.600,142.339
253,700,0.549,142.888
254,700,0.650,143.538
255,700,0.605,144.143
256,700,0.561,144.704
257,700,0.586,145.290
258,700,0.594,145.884
259,700,0.578,146.462
260,700,0.582,147.044
261,700,0.590,147.634
262,700,0.573,148.207
263,700,0.688,148.895
264,700,0.558,149.453
265,700,0.569,150.022
266,700,0.552,150.574
267,700,0.610,151.184
268,700,0.618,151.802
269,700,0.585,152.387
270,700,0.602,152.989
271,700,0.577,153.566
272,700,0.577,154.143
273,700,0.569,154.712
274,700,0.564,155.276
275,700,0.560,155.836
276,700,0.583,156.419
277,700,0.666,157.085
278,700,0.561,157.646
279,700,0.547,158.193
280,700,0.565,158.758
281,700,0.541,159.299
282,700,0.591,159.890
283,700,0.566,160.456
284,700,0.555,161.011
285,700,0.630,161.641
286,700,0.594,162.235
287,700,0.607,162.842
288,700,0.586,163.428
289,700,0.582,164.010
290,700,0.602,164.612
291,700,0.631,165.243
292,700,0.563,165.806
293,701,0.600,166.406
294,701,0.587,166.993
295,701,0.589,167.582
296,701,0.552,168.134
297,701,0.577,168.711
298,701,0.588,169.299
299,701,0.659,169.958
300,701,0.574,170.532
301,701,0.599,171.131
302,701,0.607,171.738
303,701,0.576,172.314
304,701,0.584,172.898
305,701,0.588,173.486
306,701,0.654,174.140
307,701,0.600,174.740
308,701,0.595,175.335
309,701,0.586,175.921
310,701,0.648,176.569
311,701,0.544,177.113
312,701,0.535,177.648
313,701,0.578,178.226
314,701,0.616,178.842
315,701,0.559,179.401
316,701,0.516,179.917
317,701,0.553,180.470
318,701,0.520,180.990
319,701,0.554,181.544
320,701,0.524,182.068
321,701,0.522,182.590
322,701,0.559,183.149
323,701,0.517,183.666
324,701,0.575,184.241
325,701,0.515,184.756
326,701,0.508,185.264
327,701,0.577,185.841
328,701,0.547,186.388
329,701,0.521,186.909
330,701,0.513,187.422
331,701,0.540,187.962
332,701,0.502,188.464
333,701,0.538,189.002
334,701,0.542,189.544
335,701,0.511,190.055
336,701,0.511,190.566
337,701,0.518,191.084
338,701,0.504,191.588
339,701,0.526,192.114
340,701,0.513,192.627
341,701,0.535,193.162
342,701,0.547,193.709
343,701,0.506,194.215
344,702,0.535,194.750
345,702,0.609,195.359
346,702,0.525,195.884
347,702,0.554,196.438
348,702,0.522,196.960
349,702,0.555,197.515
350,702,0.520,198.035
351,702,0.551,198.586
352,702,0.516,199.102
353,702,0.520,199.622
354,702,0.500,200.122
355,702,0.641,200.763
356,702,0.584,201.347
357,702,0.506,201.853
358,702,0.548,202.401
359,702,0.563,202.964
360,702,0.524,203.488
361,702,0.532,204.020
362,702,0.601,204.621
363,702,0.520,205.141
364,702,0.581,205.722
365,702,0.725,206.447
366,702,0.570,207.017
367,702,0.568,207.585
368,702,0.563,208.148
369,702,0.597,208.745
370,702,0.608,209.353
371,702,0.643,209.996
372,702,0.539,210.535
373,702,0.573,211.108
374,702,0.658,211.766
375,702,0.559,212.325
376,702,0.540,212.865
377,702,0.474,213.339
378,702,0.521,213.860
379,702,0.538,214.398
380,702,0.546,214.944
381,702,0.567,215.511
382,702,0.599,216.110
383,702,0.616,216.726
384,702,0.635,2