Generation,Best,Time,Total_Time
0,374,0.304,0.304
1,374,0.117,0.421
2,374,0.103,0.524
3,374,0.081,0.605
4,374,0.070,0.675
5,374,0.057,0.732
6,374,0.060,0.792
7,374,0.055,0.847
8,374,0.062,0.909
9,374,0.151,1.060
10,374,0.069,1.129
11,374,0.079,1.208
12,374,0.081,1.289
13,374,0.078,1.367
14,374,0.078,1.445
15,374,0.072,1.517
16,374,0.075,1.592
17,374,0.070,1.662
18,374,0.100,1.762
19,374,0.153,1.915
20,374,0.110,2.025
21,374,0.083,2.108
22,374,0.069,2.177
23,374,0.076,2.253
24,374,0.061,2.314
25,374,0.067,2.381
26,374,0.065,2.446
27,374,0.068,2.514
28,374,0.066,2.580
29,374,0.052,2.632
30,374,0.052,2.684
31,374,0.056,2.740
32,374,0.061,2.801
33,374,0.061,2.862
34,374,0.061,2.923
35,374,0.061,2.984
36,374,0.059,3.043
37,374,0.061,3.104
38,374,0.054,3.158
39,374,0.053,3.211
40,374,0.055,3.266
41,374,0.049,3.315
42,374,0.059,3.374
43,374,0.049,3.423
44,374,0.061,3.484
45,374,0.053,3.537
46,374,0.056,3.593
47,374,0.059,3.652
48,374,0.052,3.704
49,374,0.054,3.758
50,374,0.060,3.818
51,374,0.070,3.888
52,374,0.057,3.945
53,374,0.065,4.010
54,374,0.052,4.062
55,374,0.054,4.116
56,374,0.056,4.172
57,374,0.051,4.223
58,374,0.058,4.281
59,374,0.062,4.343
60,374,0.050,4.393
61,374,0.056,4.449
62,374,0.060,4.509
63,374,0.062,4.571
64,374,0.056,4.627
65,374,0.059,4.686
66,374,0.053,4.739
67,374,0.064,4.803
68,374,0.060,4.863
69,374,0.056,4.919
70,374,0.053,4.972
71,374,0.058,5.030
72,374,0.060,5.090
73,374,0.065,5.155
74,374,0.050,5.205
75,374,0.065,5.270
76,374,0.060,5.330
77,374,0.062,5.392
78,374,0.053,5.445
79,374,0.050,5.495
80,374,0.053,5.548
81,374,0.054,5.602
82,374,0.055,5.657
83,374,0.157,5.814
84,374,0.083,5.897
85,374,0.052,5.949
86,374,0.056,6.005
87,374,0.050,6.055
88,374,0.055,6.110
89,374,0.055,6.165
90,374,0.057,6.222
91,374,0.054,6.276
92,374,0.058,6.334
93,374,0.052,6.386
94,374,0.058,6.444
95,374,0.075,6.519
96,374,0.070,6.589
97,374,0.057,6.646
98,374,0.068,6.714
99,374,0.058,6.772
100,374,0.062,6.834
101,374,0.051,6.885
102,374,0.065,6.950
103,374,0.060,7.010
104,374,0.053,7.063
105,374,0.050,7.113
106,374,0.053,7.166
107,374,0.052,7.218
108,374,0.057,7.275
109,374,0.060,7.335
110,374,0.061,7.396
111,374,0.057,7.453
112,374,0.053,7.506
113,374,0.056,7.562
114,374,0.060,7.622
115,374,0.051,7.673
116,374,0.067,7.740
117,374,0.064,7.804
118,374,0.054,7.858
119,374,0.060,7.918
120,374,0.055,7.973
121,374,0.054,8.027
122,374,0.055,8.082
123,374,0.058,8.140
124,374,0.064,8.204
125,374,0.107,8.311
126,374,0.055,8.366
127,374,0.065,8.431
128,374,0.050,8.481
129,374,0.062,8.543
130,374,0.061,8.604
131,374,0.065,8.669
132,374,0.052,8.721
133,374,0.062,8.783
134,374,0.051,8.834
135,374,0.058,8.892
136,374,0.054,8.946
137,374,0.055,9.001
138,374,0.051,9.052
139,374,0.056,9.108
140,374,0.052,9.160
141,374,0.053,9.213
142,374,0.055,9.268
143,374,0.061,9.329
144,374,0.061,9.390
145,374,0.065,9.455
146,374,0.056,9.511
147,374,0.067,9.578
148,374,0.072,9.650
149,374,0.069,9.719
150,374,0.055,9.774
151,374,0.060,9.834
152,374,0.058,9.892
153,374,0.059,9.951
154,374,0.058,10.009
155,374,0.055,10.064
156,374,0.049,10.113
157,374,0.057,10.170
158,374,0.081,10.251
159,374,0.053,10.304
160,374,0.065,10.369
161,374,0.062,10.431
162,374,0.051,10.482
163,374,0.060,10.542
164,374,0.059,10.601
165,374,0.062,10.663
166,374,0.063,10.726
167,374,0.051,10.777
168,374,0.075,10.852
169,374,0.058,10.910
170,374,0.051,10.961
171,374,0.058,11.019
172,374,0.049,11.068
173,374,0.055,11.123
174,374,0.078,11.201
175,374,0.067,11.268
176,374,0.067,11.335
177,374,0.081,11.416
178,374,0.059,11.475
179,374,0.054,11.529
180,374,0.051,11.580
181,374,0.054,11.634
182,374,0.063,11.697
183,374,0.061,11.758
184,374,0.049,11.807
185,374,0.057,11.864
186,374,0.057,11.921
187,374,0.065,11.986
188,374,0.059,12.045
189,374,0.063,12.108
190,374,0.058,12.166
191,374,0.051,12.217
192,374,0.053,12.270
193,374,0.058,12.328
194,374,0.050,12.378
195,374,0.054,12.432
196,374,0.053,12.485
197,374,0.058,12.543
198,374,0.051,12.594
199,374,0.055,12.649
200,374,0.053,12.702
201,374,0.054,12.756
202,374,0.057,12.813
203,374,0.053,12.866
204,374,0.071,12.937
205,374,0.056,12.993
206,374,0.056,13.049
207,374,0.061,13.110
208,374,0.058,13.168
209,374,0.058,13.226
210,374,0.052,13.278
211,374,0.061,13.339
212,374,0.061,13.400
213,374,0.049,13.449
214,374,0.063,13.512
215,374,0.066,13.578
216,374,0.056,13.634
217,374,0.056,13.690
218,374,0.054,13.744
219,374,0.049,13.793
220,374,0.057,13.850
221,374,0.055,13.905
222,374,0.060,13.965
223,374,0.072,14.037
224,374,0.052,14.089
225,374,0.059,14.148
226,374,0.060,14.208
227,374,0.054,14.262
228,374,0.053,14.315
229,374,0.055,14.370
230,374,0.053,14.423
231,374,0.064,14.487
232,374,0.072,14.559
233,374,0.059,14.618
234,374,0.055,14.673
235,374,0.051,14.724
236,374,0.054,14.778
237,374,0.062,14.840
238,374,0.052,14.892
239,374,0.061,14.953
240,374,0.072,15.025
241,374,0.060,15.085
242,374,0.055,15.140
243,374,0.062,15.202
244,374,0.062,15.264
245,374,0.082,15.346
246,374,0.052,15.398
247,374,0.073,15.471
248,374,0.059,15.530
249,374,0.054,15.584
250,374,0.049,15.633
251,374,0.054,15.687
252,374,0.058,15.745
253,374,0.061,15.806
254,374,0.060,15.866
255,374,0.105,15.971
256,374,0.072,16.043
257,374,0.073,16.116
258,374,0.050,16.166
259,374,0.059,16.225
260,374,0.053,16.278
261,374,0.056,16.334
262,374,0.054,16.388
263,374,0.054,16.442
264,374,0.049,16.491
265,374,0.054,16.545
266,374,0.061,16.606
267,374,0.059,16.665
268,374,0.059,16.724
269,374,0.055,16.779
270,374,0.054,16.833
271,374,0.099,16.932
272,374,0.113,17.045
273,374,0.055,17.100
274,374,0.058,17.158
275,374,0.063,17.221
276,374,0.051,17.272
277,374,0.054,17.326
278,374,0.058,17.384
279,374,0.060,17.444
280,374,0.052,17.496
281,374,0.055,17.551
282,374,0.060,17.611
283,374,0.052,17.663
284,374,0.074,17.737
285,374,0.067,17.804
286,374,0.070,17.874
287,374,0.054,17.928
288,374,0.071,17.999
289,374,0.059,18.058
290,374,0.055,18.113
291,374,0.068,18.181
292,374,0.056,18.237
293,374,0.073,18.310
294,374,0.054,18.364
295,374,0.077,18.441
296,374,0.058,18.499
297,374,0.059,18.558
298,374,0.066,18.624
299,374,0.064,18.688
300,374,0.067,18.755
301,374,0.059,18.814
302,374,0.060,18.874
303,374,0.065,18.939
304,374,0.052,18.991
305,374,0.051,19.042
306,374,0.055,19.097
307,374,0.054,19.151
308,374,0.058,19.209
309,374,0.055,19.264
310,374,0.052,19.316
311,374,0.063,19.379
312,374,0.057,19.436
313,374,0.056,19.492
314,374,0.054,19.546
315,374,0.057,19.603
316,374,0.060,19.663
317,374,0.076,19.739
318,374,0.056,19.795
319,374,0.056,19.851
320,374,0.058,19.909
321,374,0.051,19.960
322,374,0.052,20.012
323,374,0.055,20.067
324,374,0.064,20.131
325,374,0.062,20.193
326,374,0.076,20.269
327,374,0.055,20.324
328,374,0.061,20.385
329,374,0.061,20.446
330,374,0.078,20.524
331,374,0.070,20.594
332,374,0.060,20.654
333,374,0.060,20.714
334,374,0.063,20.777
335,374,0.051,20.828
336,374,0.055,20.883
337,374,0.057,20.940
338,374,0.057,20.997
339,374,0.055,21.052
340,374,0.058,21.110
341,374,0.049,21.159
342,374,0.054,21.213
343,374,0.111,21.324
344,374,0.060,21.384
345,374,0.064,21.448
346,374,0.061,21.509
347,374,0.062,21.571
348,374,0.051,21.622
349,374,0.064,21.686
350,374,0.053,21.739
351,374,0.054,21.793
352,374,0.064,21.857
353,374,0.052,21.909
354,374,0.064,21.973
355,374,0.066,22.039
356,374,0.066,22.105
357,374,0.052,22.157
358,374,0.053,22.210
359,374,0.057,22.267
360,374,0.059,22.326
361,374,0.064,22.390
362,374,0.056,22.446
363,374,0.057,22.503
364,374,0.053,22.556
365,374,0.055,22.611
366,374,0.063,22.674
367,374,0.055,22.729
368,374,0.054,22.783
369,374,0.052,22.835
370,374,0.052,22.887
371,374,0.056,22.943
372,374,0.051,22.994
373,374,0.052,23.046
374,374,0.057,23.103
375,374,0.051,23.154
376,374,0.059,23.213
377,374,0.054,23.267
378,374,0.058,23.325
379,374,0.061,23.386
380,374,0.060,23.446
381,374,0.058,23.504
382,374,0.065,23.569
383,374,0.069,23.638
384,374,0.062,23.700
385,374,0.056,23.756
386,374,0.054,23.810
387,374,0.058,23.868
388,374,0.056,23.924
389,374,0.062,23.986
390,374,0.062,24.048
391,374,0.060,24.108
392,374,0.061,24.169
393,374,0.062,24.231
394,374,0.060,24.291
395,374,0.070,24.361
396,374,0.063,24.424
397,374,0.055,24.479
398,374,0.105,24.584
399,374,0.064,24.648
400,374,0.067,24.715
401