Generation,Best,Time,Total_Time
0,380,0.291,0.291
1,380,0.082,0.373
2,380,0.071,0.444
3,380,0.060,0.504
4,380,0.088,0.592
5,380,0.120,0.712
6,380,0.104,0.816
7,380,0.180,0.996
8,380,0.104,1.100
9,380,0.103,1.203
10,401,0.093,1.296
11,401,0.093,1.389
12,401,0.083,1.472
13,401,0.066,1.538
14,401,0.063,1.601
15,401,0.053,1.654
16,401,0.054,1.708
17,401,0.047,1.755
18,401,0.049,1.804
19,401,0.053,1.857
20,401,0.054,1.911
21,401,0.052,1.963
22,401,0.055,2.018
23,401,0.094,2.112
24,401,0.074,2.186
25,401,0.057,2.243
26,401,0.070,2.313
27,401,0.060,2.373
28,401,0.057,2.430
29,401,0.072,2.502
30,401,0.060,2.562
31,401,0.074,2.636
32,401,0.053,2.689
33,401,0.057,2.746
34,401,0.098,2.844
35,401,0.129,2.973
36,401,0.086,3.059
37,401,0.080,3.139
38,401,0.068,3.207
39,401,0.060,3.267
40,401,0.064,3.331
41,401,0.059,3.390
42,401,0.059,3.449
43,401,0.054,3.503
44,401,0.063,3.566
45,404,0.053,3.619
46,404,0.057,3.676
47,404,0.048,3.724
48,404,0.050,3.774
49,404,0.049,3.823
50,404,0.055,3.878
51,404,0.057,3.935
52,404,0.051,3.986
53,404,0.051,4.037
54,404,0.051,4.088
55,404,0.054,4.142
56,404,0.052,4.194
57,404,0.050,4.244
58,404,0.047,4.291
59,404,0.049,4.340
60,404,0.049,4.389
61,404,0.053,4.442
62,404,0.055,4.497
63,404,0.045,4.542
64,404,0.053,4.595
65,404,0.050,4.645
66,404,0.048,4.693
67,404,0.051,4.744
68,404,0.049,4.793
69,404,0.051,4.844
70,404,0.053,4.897
71,404,0.052,4.949
72,404,0.057,5.006
73,404,0.053,5.059
74,404,0.054,5.113
75,404,0.049,5.162
76,404,0.050,5.212
77,404,0.050,5.262
78,404,0.049,5.311
79,404,0.052,5.363
80,404,0.053,5.416
81,404,0.047,5.463
82,404,0.047,5.510
83,404,0.052,5.562
84,404,0.051,5.613
85,404,0.056,5.669
86,404,0.049,5.718
87,404,0.052,5.770
88,404,0.047,5.817
89,404,0.049,5.866
90,404,0.057,5.923
91,404,0.058,5.981
92,404,0.047,6.028
93,404,0.046,6.074
94,404,0.054,6.128
95,404,0.055,6.183
96,404,0.057,6.240
97,404,0.049,6.289
98,404,0.055,6.344
99,404,0.051,6.395
100,404,0.053,6.448
101,404,0.055,6.503
102,404,0.048,6.551
103,404,0.046,6.597
104,404,0.047,6.644
105,404,0.050,6.694
106,404,0.051,6.745
107,404,0.077,6.822
108,404,0.071,6.893
109,404,0.049,6.942
110,404,0.053,6.995
111,404,0.045,7.040
112,404,0.049,7.089
113,404,0.049,7.138
114,404,0.046,7.184
115,404,0.051,7.235
116,404,0.048,7.283
117,404,0.052,7.335
118,404,0.051,7.386
119,404,0.050,7.436
120,404,0.056,7.492
121,404,0.059,7.551
122,404,0.060,7.611
123,404,0.049,7.660
124,404,0.056,7.716
125,404,0.056,7.772
126,404,0.051,7.823
127,404,0.051,7.874
128,404,0.051,7.925
129,404,0.053,7.978
130,404,0.052,8.030
131,404,0.050,8.080
132,404,0.046,8.126
133,404,0.048,8.174
134,404,0.047,8.221
135,404,0.053,8.274
136,404,0.058,8.332
137,404,0.051,8.383
138,404,0.057,8.440
139,404,0.051,8.491
140,404,0.048,8.539
141,404,0.049,8.588
142,404,0.055,8.643
143,404,0.048,8.691
144,404,0.049,8.740
145,404,0.064,8.804
146,404,0.048,8.852
147,404,0.048,8.900
148,404,0.056,8.956
149,404,0.049,9.005
150,404,0.050,9.055
151,404,0.050,9.105
152,404,0.048,9.153
153,404,0.057,9.210
154,404,0.063,9.273
155,404,0.059,9.332
156,404,0.049,9.381
157,404,0.052,9.433
158,404,0.048,9.481
159,404,0.048,9.529
160,404,0.052,9.581
161,404,0.051,9.632
162,404,0.054,9.686
163,404,0.050,9.736
164,404,0.051,9.787
165,404,0.045,9.832
166,404,0.046,9.878
167,404,0.048,9.926
168,404,0.048,9.974
169,407,0.047,10.021
170,407,0.046,10.067
171,407,0.045,10.112
172,407,0.044,10.156
173,407,0.046,10.202
174,407,0.046,10.248
175,407,0.043,10.291
176,407,0.051,10.342
177,407,0.049,10.391
178,407,0.049,10.440
179,407,0.051,10.491
180,407,0.044,10.535
181,419,0.049,10.584
182,419,0.058,10.642
183,419,0.052,10.694
184,419,0.054,10.748
185,419,0.050,10.798
186,419,0.047,10.845
187,419,0.050,10.895
188,419,0.048,10.943
189,419,0.048,10.991
190,419,0.049,11.040
191,419,0.044,11.084
192,419,0.045,11.129
193,419,0.041,11.170
194,419,0.053,11.223
195,419,0.065,11.288
196,419,0.042,11.330
197,419,0.041,11.371
198,419,0.046,11.417
199,419,0.052,11.469
200,419,0.042,11.511
201,419,0.044,11.555
202,419,0.047,11.602
203,419,0.048,11.650
204,419,0.047,11.697
205,419,0.050,11.747
206,419,0.045,11.792
207,419,0.044,11.836
208,419,0.053,11.889
209,419,0.044,11.933
210,419,0.042,11.975
211,419,0.041,12.016
212,419,0.043,12.059
213,419,0.038,12.097
214,419,0.041,12.138
215,419,0.045,12.183
216,419,0.062,12.245
217,419,0.051,12.296
218,419,0.053,12.349
219,419,0.051,12.400
220,419,0.055,12.455
221,419,0.047,12.502
222,419,0.045,12.547
223,419,0.042,12.589
224,419,0.037,12.626
225,419,0.045,12.671
226,419,0.048,12.719
227,419,0.073,12.792
228,419,0.041,12.833
229,419,0.039,12.872
230,419,0.039,12.911
231,419,0.041,12.952
232,419,0.046,12.998
233,419,0.047,13.045
234,419,0.050,13.095
235,419,0.039,13.134
236,419,0.049,13.183
237,419,0.046,13.229
238,419,0.042,13.271
239,419,0.038,13.309
240,419,0.041,13.350
241,419,0.048,13.398
242,419,0.038,13.436
243,419,0.042,13.478
244,419,0.041,13.519
245,419,0.041,13.560
246,419,0.039,13.599
247,419,0.047,13.646
248,419,0.037,13.683
249,419,0.042,13.725
250,419,0.037,13.762
251,419,0.043,13.805
252,419,0.043,13.848
253,419,0.041,13.889
254,419,0.042,13.931
255,419,0.050,13.981
256,419,0.049,14.030
257,419,0.040,14.070
258,419,0.043,14.113
259,419,0.047,14.160
260,419,0.048,14.208
261,419,0.042,14.250
262,419,0.046,14.296
263,419,0.039,14.335
264,419,0.038,14.373
265,419,0.042,14.415
266,419,0.046,14.461
267,419,0.040,14.501
268,419,0.041,14.542
269,419,0.049,14.591
270,419,0.047,14.638
271,419,0.042,14.680
272,419,0.037,14.717
273,419,0.042,14.759
274,419,0.038,14.797
275,419,0.041,14.838
276,419,0.035,14.873
277,419,0.036,14.909
278,419,0.040,14.949
279,419,0.035,14.984
280,419,0.040,15.024
281,419,0.041,15.065
282,419,0.048,15.113
283,419,0.039,15.152
284,419,0.036,15.188
285,419,0.035,15.223
286,419,0.044,15.267
287,419,0.036,15.303
288,419,0.036,15.339
289,419,0.035,15.374
290,419,0.034,15.408
291,419,0.038,15.446
292,419,0.035,15.481
293,419,0.034,15.515
294,419,0.036,15.551
295,419,0.052,15.603
296,419,0.050,15.653
297,419,0.041,15.694
298,419,0.040,15.734
299,419,0.034,15.768
300,419,0.032,15.800
301,419,0.037,15.837
302,419,0.040,15.877
303,419,0.039,15.916
304,419,0.039,15.955
305,419,0.036,15.991
306,419,0.044,16.035
307,419,0.054,16.089
308,419,0.039,16.128
309,419,0.034,16.162
310,419,0.040,16.202
311,419,0.041,16.243
312,419,0.045,16.288
313,419,0.045,16.333
314,419,0.044,16.377
315,419,0.075,16.452
316,419,0.034,16.486
317,419,0.051,16.537
318,419,0.048,16.585
319,419,0.040,16.625
320,419,0.047,16.672
321,419,0.034,16.706
322,419,0.038,16.744
323,419,0.039,16.783
324,419,0.038,16.821
325,419,0.040,16.861
326,419,0.041,16.902
327,419,0.046,16.948
328,419,0.057,17.005
329,419,0.074,17.079
330,419,0.049,17.128
331,419,0.055,17.183
332,419,0.047,17.230
333,419,0.034,17.264
334,419,0.044,17.308
335,419,0.042,17.350
336,419,0.039,17.389
337,419,0.041,17.430
338,419,0.039,17.469
339,419,0.038,17.507
340,419,0.041,17.548
341,419,0.035,17.583
342,419,0.035,17.618
343,419,0.042,17.660
344,419,0.041,17.701
345,419,0.047,17.748
346,419,0.051,17.799
347,419,0.037,17.836
348,419,0.042,17.878
349,419,0.037,17.915
350,419,0.035,17.950
351,419,0.094,18.044
352,419,0.072,18.116
353,419,0.040,18.156
354,419,0.046,18.202
355,419,0.039,18.241
356,419,0.051,18.292
357,419,0.042,18.334
358,419,0.037,18.371
359,419,0.039,18.410
360,419,0.050,18.460
361,419,0.049,18.509
362,419,0.041,18.550
363,419,0.036,18.586
364,419,0.041,18.627
365,422,0.037,18.664
366,422,0.039,18.703
367,422,0.040,18.743
368,422,0.042,18.785
369,422,0.053,18.838
370,422,0.055,18.893
371,422,0.054,18.947
372,422,0.039,18.986
373,422,0.040,19.026
374,422,0.050,19.076
375,422,0.040,19.116
376,422,0.046,19.162
377,422,0.049,19.211
378,422,0.040,19.251
379,422,0.038,19.289
380,422,0.044,19.333
381,422,0.053,19.386
382,422,0.046,19.432
383,422,0.043,19.475
384,422,0.067,19.542
385,422,0.039,19.581
386,422,0.042,19.623
387,422,0.041,19.664
388,422,0.049,19.713
389,422,0.053,19.766
390,422,0.041,19.807
391,422,0.056,19.863
392,422,0.043,19.906
393,422,0.047,19.953
394,422,0.039,19.992
395,422,0.040,20.032
396,422,0.036,20.068
397,422,0.039,20.107
398,422,0.038,20.145
399,422,0.043,20.188
400,422,0.040,20.228
401,422,0.038,20.2