Generation,Best,Time,Total_Time
0,382,0.303,0.303
1,382,0.062,0.365
2,382,0.056,0.421
3,382,0.080,0.501
4,382,0.049,0.550
5,388,0.057,0.607
6,388,0.060,0.667
7,388,0.060,0.727
8,388,0.066,0.793
9,388,0.046,0.839
10,388,0.048,0.887
11,388,0.048,0.935
12,388,0.050,0.985
13,388,0.048,1.033
14,388,0.047,1.080
15,388,0.056,1.136
16,400,0.049,1.185
17,404,0.049,1.234
18,404,0.053,1.287
19,404,0.062,1.349
20,404,0.063,1.412
21,404,0.058,1.470
22,404,0.052,1.522
23,404,0.055,1.577
24,404,0.071,1.648
25,404,0.070,1.718
26,404,0.071,1.789
27,406,0.063,1.852
28,406,0.060,1.912
29,406,0.056,1.968
30,406,0.066,2.034
31,406,0.103,2.137
32,406,0.061,2.198
33,406,0.058,2.256
34,406,0.059,2.315
35,406,0.050,2.365
36,406,0.048,2.413
37,406,0.048,2.461
38,406,0.047,2.508
39,406,0.062,2.570
40,406,0.062,2.632
41,406,0.079,2.711
42,406,0.060,2.771
43,406,0.061,2.832
44,406,0.056,2.888
45,406,0.053,2.941
46,406,0.051,2.992
47,406,0.056,3.048
48,406,0.049,3.097
49,406,0.048,3.145
50,406,0.056,3.201
51,406,0.057,3.258
52,406,0.050,3.308
53,406,0.048,3.356
54,406,0.050,3.406
55,406,0.051,3.457
56,406,0.053,3.510
57,406,0.053,3.563
58,406,0.047,3.610
59,406,0.056,3.666
60,406,0.055,3.721
61,406,0.054,3.775
62,406,0.054,3.829
63,406,0.058,3.887
64,406,0.050,3.937
65,406,0.049,3.986
66,406,0.055,4.041
67,406,0.051,4.092
68,406,0.053,4.145
69,406,0.049,4.194
70,406,0.060,4.254
71,406,0.047,4.301
72,406,0.070,4.371
73,406,0.059,4.430
74,406,0.058,4.488
75,406,0.047,4.535
76,406,0.053,4.588
77,406,0.044,4.632
78,406,0.052,4.684
79,406,0.053,4.737
80,406,0.051,4.788
81,406,0.062,4.850
82,406,0.048,4.898
83,406,0.055,4.953
84,406,0.051,5.004
85,406,0.045,5.049
86,406,0.045,5.094
87,406,0.047,5.141
88,406,0.049,5.190
89,406,0.047,5.237
90,406,0.052,5.289
91,406,0.051,5.340
92,406,0.045,5.385
93,406,0.048,5.433
94,406,0.047,5.480
95,406,0.050,5.530
96,406,0.049,5.579
97,406,0.048,5.627
98,406,0.047,5.674
99,406,0.047,5.721
100,406,0.047,5.768
101,406,0.048,5.816
102,406,0.045,5.861
103,406,0.048,5.909
104,406,0.045,5.954
105,406,0.047,6.001
106,406,0.048,6.049
107,406,0.050,6.099
108,406,0.046,6.145
109,406,0.046,6.191
110,406,0.044,6.235
111,406,0.046,6.281
112,406,0.045,6.326
113,406,0.047,6.373
114,406,0.048,6.421
115,406,0.101,6.522
116,406,0.059,6.581
117,406,0.045,6.626
118,406,0.048,6.674
119,406,0.053,6.727
120,406,0.053,6.780
121,406,0.048,6.828
122,406,0.053,6.881
123,406,0.047,6.928
124,406,0.045,6.973
125,406,0.043,7.016
126,406,0.046,7.062
127,406,0.053,7.115
128,406,0.045,7.160
129,406,0.044,7.204
130,406,0.048,7.252
131,406,0.046,7.298
132,406,0.046,7.344
133,406,0.049,7.393
134,406,0.047,7.440
135,406,0.052,7.492
136,406,0.048,7.540
137,406,0.047,7.587
138,406,0.043,7.630
139,406,0.051,7.681
140,406,0.041,7.722
141,406,0.043,7.765
142,406,0.044,7.809
143,406,0.053,7.862
144,406,0.042,7.904
145,406,0.041,7.945
146,406,0.047,7.992
147,406,0.061,8.053
148,406,0.045,8.098
149,406,0.043,8.141
150,406,0.042,8.183
151,406,0.041,8.224
152,406,0.042,8.266
153,406,0.042,8.308
154,406,0.042,8.350
155,406,0.041,8.391
156,406,0.049,8.440
157,406,0.041,8.481
158,406,0.046,8.527
159,406,0.044,8.571
160,406,0.042,8.613
161,406,0.053,8.666
162,406,0.039,8.705
163,406,0.038,8.743
164,406,0.046,8.789
165,406,0.038,8.827
166,406,0.037,8.864
167,406,0.040,8.904
168,406,0.043,8.947
169,406,0.041,8.988
170,406,0.042,9.030
171,406,0.038,9.068
172,406,0.047,9.115
173,406,0.047,9.162
174,406,0.042,9.204
175,406,0.054,9.258
176,406,0.052,9.310
177,406,0.038,9.348
178,406,0.049,9.397
179,406,0.039,9.436
180,406,0.042,9.478
181,406,0.042,9.520
182,406,0.040,9.560
183,406,0.039,9.599
184,406,0.038,9.637
185,406,0.038,9.675
186,406,0.036,9.711
187,406,0.042,9.753
188,406,0.045,9.798
189,406,0.045,9.843
190,406,0.040,9.883
191,406,0.048,9.931
192,406,0.050,9.981
193,406,0.045,10.026
194,406,0.045,10.071
195,406,0.044,10.115
196,406,0.038,10.153
197,406,0.041,10.194
198,406,0.037,10.231
199,406,0.045,10.276
200,406,0.044,10.320
201,406,0.040,10.360
202,406,0.043,10.403
203,406,0.040,10.443
204,406,0.040,10.483
205,406,0.034,10.517
206,406,0.036,10.553
207,406,0.039,10.592
208,406,0.040,10.632
209,406,0.038,10.670
210,406,0.041,10.711
211,406,0.036,10.747
212,406,0.038,10.785
213,406,0.041,10.826
214,406,0.037,10.863
215,406,0.038,10.901
216,406,0.040,10.941
217,406,0.033,10.974
218,406,0.036,11.010
219,406,0.040,11.050
220,406,0.038,11.088
221,406,0.039,11.127
222,406,0.036,11.163
223,406,0.042,11.205
224,406,0.041,11.246
225,406,0.036,11.282
226,406,0.046,11.328
227,406,0.040,11.368
228,406,0.046,11.414
229,406,0.040,11.454
230,406,0.041,11.495
231,406,0.037,11.532
232,406,0.043,11.575
233,406,0.040,11.615
234,406,0.040,11.655
235,406,0.036,11.691
236,406,0.034,11.725
237,406,0.042,11.767
238,406,0.041,11.808
239,406,0.041,11.849
240,406,0.036,11.885
241,406,0.037,11.922
242,406,0.039,11.961
243,406,0.037,11.998
244,406,0.039,12.037
245,406,0.045,12.082
246,406,0.054,12.136
247,406,0.042,12.178
248,406,0.047,12.225
249,406,0.044,12.269
250,406,0.037,12.306
251,406,0.036,12.342
252,406,0.034,12.376
253,406,0.042,12.418
254,406,0.038,12.456
255,406,0.034,12.490
256,406,0.037,12.527
257,406,0.039,12.566
258,406,0.040,12.606
259,406,0.048,12.654
260,415,0.046,12.700
261,415,0.038,12.738
262,415,0.045,12.783
263,415,0.041,12.824
264,415,0.038,12.862
265,415,0.048,12.910
266,415,0.046,12.956
267,415,0.046,13.002
268,415,0.042,13.044
269,415,0.047,13.091
270,415,0.040,13.131
271,415,0.038,13.169
272,415,0.039,13.208
273,415,0.038,13.246
274,415,0.036,13.282
275,415,0.039,13.321
276,415,0.039,13.360
277,415,0.036,13.396
278,415,0.036,13.432
279,415,0.038,13.470
280,415,0.046,13.516
281,415,0.038,13.554
282,415,0.040,13.594
283,415,0.044,13.638
284,415,0.039,13.677
285,415,0.043,13.720
286,415,0.040,13.760
287,415,0.044,13.804
288,415,0.042,13.846
289,415,0.047,13.893
290,415,0.044,13.937
291,415,0.045,13.982
292,419,0.041,14.023
293,419,0.049,14.072
294,419,0.048,14.120
295,419,0.039,14.159
296,419,0.041,14.200
297,419,0.052,14.252
298,419,0.121,14.373
299,419,0.068,14.441
300,419,0.055,14.496
301,419,0.064,14.560
302,419,0.057,14.617
303,419,0.044,14.661
304,419,0.053,14.714
305,419,0.051,14.765
306,419,0.043,14.808
307,419,0.044,14.852
308,419,0.041,14.893
309,419,0.047,14.940
310,419,0.049,14.989
311,419,0.049,15.038
312,419,0.048,15.086
313,419,0.046,15.132
314,419,0.046,15.178
315,419,0.049,15.227
316,419,0.051,15.278
317,419,0.044,15.322
318,419,0.045,15.367
319,419,0.048,15.415
320,419,0.037,15.452
321,419,0.037,15.489
322,419,0.056,15.545
323,421,0.040,15.585
324,421,0.047,15.632
325,421,0.040,15.672
326,421,0.040,15.712
327,421,0.045,15.757
328,421,0.041,15.798
329,421,0.049,15.847
330,421,0.037,15.884
331,421,0.059,15.943
332,421,0.078,16.021
333,421,0.061,16.082
334,421,0.044,16.126
335,421,0.047,16.173
336,421,0.045,16.218
337,421,0.051,16.269
338,421,0.042,16.311
339,421,0.047,16.358
340,421,0.049,16.407
341,421,0.046,16.453
342,421,0.042,16.495
343,421,0.038,16.533
344,421,0.041,16.574
345,421,0.074,16.648
346,421,0.062,16.710
347,421,0.060,16.770
348,421,0.045,16.815
349,421,0.053,16.868
350,421,0.054,16.922
351,421,0.073,16.995
352,421,0.059,17.054
353,421,0.041,17.095
354,421,0.041,17.136
355,421,0.048,17.184
356,421,0.037,17.221
357,421,0.077,17.298
358,421,0.052,17.350
359,421,0.045,17.395
360,421,0.046,17.441
361,421,0.054,17.495
362,421,0.052,17.547
363,421,0.043,17.590
364,421,0.050,17.640
365,421,0.046,17.686
366,421,0.056,17.742
367,421,0.148,17.890
368,421,0.080,17.970
369,421,0.048,18.018
370,421,0.064,18.082
371,421,0.063,18.145
372,421,0.043,18.188
373,425,0.052,18.240
374,425,0.053,18.293
375,425,0.050,18.343
376,425,0.046,18.389
377,425,0.045,18.434
378,425,0.079,18.513
379,425,0.109,18.622
380,425,0.098,18.720
381,425,0.054,18.774
382,425,0.058,18.832
383,425,0.048,18.880
384,425,0.054,18.934
385,425,0.054,18.988
386,425,0.057,19.045
387,425,0.060,19.105
388,425,0.060,19.165
389,425,0.052,19.217
390,425,0.039,19.256
391,425,0.041,19.297
392,425,0.036,19.333
393,425,0.035,19.368
394,425,0.045,19.413
395,425,0.042,19.455
396,425,0.052,19.507
397,431,0.045,19.552
398,431,0.076,19.628
399,431,0.052,19.680
400,431,0.071,19.751
401,431,0.054,19.805
402,431,0.057,19.862
