Generation,Best,Time,Total_Time
0,269,0.188,0.188
1,269,0.035,0.223
2,269,0.046,0.269
3,286,0.042,0.311
4,286,0.042,0.353
5,286,0.037,0.390
6,286,0.043,0.433
7,286,0.050,0.483
8,286,0.050,0.533
9,286,0.053,0.586
10,286,0.074,0.660
11,286,0.053,0.713
12,286,0.045,0.758
13,286,0.053,0.811
14,286,0.038,0.849
15,286,0.039,0.888
16,286,0.036,0.924
17,286,0.032,0.956
18,286,0.037,0.993
19,286,0.034,1.027
20,286,0.037,1.064
21,286,0.033,1.097
22,286,0.044,1.141
23,286,0.047,1.188
24,286,0.046,1.234
25,286,0.035,1.269
26,286,0.039,1.308
27,286,0.039,1.347
28,286,0.040,1.387
29,286,0.040,1.427
30,286,0.039,1.466
31,286,0.039,1.505
32,286,0.040,1.545
33,286,0.057,1.602
34,286,0.041,1.643
35,286,0.041,1.684
36,286,0.041,1.725
37,286,0.039,1.764
38,286,0.038,1.802
39,286,0.049,1.851
40,286,0.040,1.891
41,286,0.038,1.929
42,286,0.041,1.970
43,286,0.068,2.038
44,286,0.108,2.146
45,286,0.071,2.217
46,286,0.048,2.265
47,286,0.043,2.308
48,286,0.038,2.346
49,286,0.040,2.386
50,286,0.051,2.437
51,286,0.033,2.470
52,286,0.040,2.510
53,286,0.036,2.546
54,286,0.047,2.593
55,286,0.035,2.628
56,286,0.037,2.665
57,286,0.035,2.700
58,286,0.042,2.742
59,286,0.038,2.780
60,286,0.034,2.814
61,286,0.036,2.850
62,286,0.030,2.880
63,286,0.035,2.915
64,286,0.030,2.945
65,286,0.039,2.984
66,286,0.033,3.017
67,286,0.031,3.048
68,288,0.030,3.078
69,288,0.032,3.110
70,288,0.034,3.144
71,288,0.034,3.178
72,288,0.029,3.207
73,288,0.030,3.237
74,288,0.030,3.267
75,288,0.028,3.295
76,288,0.026,3.321
77,288,0.032,3.353
78,288,0.027,3.380
79,288,0.080,3.460
80,288,0.034,3.494
81,288,0.034,3.528
82,288,0.036,3.564
83,288,0.036,3.600
84,288,0.037,3.637
85,288,0.031,3.668
86,288,0.032,3.700
87,288,0.032,3.732
88,288,0.031,3.763
89,288,0.033,3.796
90,288,0.035,3.831
91,288,0.031,3.862
92,288,0.030,3.892
93,288,0.028,3.920
94,288,0.029,3.949
95,288,0.035,3.984
96,288,0.034,4.018
97,288,0.038,4.056
98,288,0.046,4.102
99,288,0.030,4.132
100,288,0.029,4.161
101,288,0.029,4.190
102,288,0.035,4.225
103,288,0.032,4.257
104,288,0.041,4.298
105,288,0.040,4.338
106,288,0.029,4.367
107,288,0.030,4.397
108,288,0.035,4.432
109,288,0.035,4.467
110,288,0.030,4.497
111,288,0.032,4.529
112,288,0.035,4.564
113,288,0.028,4.592
114,288,0.031,4.623
115,288,0.035,4.658
116,288,0.034,4.692
117,288,0.028,4.720
118,288,0.034,4.754
119,288,0.033,4.787
120,288,0.032,4.819
121,288,0.029,4.848
122,288,0.035,4.883
123,288,0.034,4.917
124,288,0.039,4.956
125,299,0.033,4.989
126,299,0.041,5.030
127,299,0.037,5.067
128,299,0.033,5.100
129,299,0.033,5.133
130,299,0.041,5.174
131,299,0.034,5.208
132,299,0.031,5.239
133,299,0.037,5.276
134,299,0.031,5.307
135,299,0.036,5.343
136,299,0.035,5.378
137,299,0.032,5.410
138,299,0.036,5.446
139,299,0.046,5.492
140,299,0.036,5.528
141,299,0.027,5.555
142,299,0.032,5.587
143,299,0.034,5.621
144,299,0.032,5.653
145,299,0.032,5.685
146,299,0.040,5.725
147,299,0.035,5.760
148,299,0.038,5.798
149,299,0.034,5.832
150,299,0.034,5.866
151,299,0.035,5.901
152,299,0.033,5.934
153,299,0.046,5.980
154,299,0.035,6.015
155,299,0.034,6.049
156,299,0.026,6.075
157,299,0.053,6.128
158,299,0.043,6.171
159,299,0.034,6.205
160,299,0.029,6.234
161,299,0.027,6.261
162,299,0.030,6.291
163,299,0.027,6.318
164,299,0.026,6.344
165,299,0.028,6.372
166,299,0.031,6.403
167,299,0.037,6.440
168,299,0.027,6.467
169,299,0.034,6.501
170,299,0.030,6.531
171,299,0.033,6.564
172,299,0.044,6.608
173,299,0.032,6.640
174,299,0.035,6.675
175,299,0.032,6.707
176,299,0.042,6.749
177,299,0.049,6.798
178,299,0.029,6.827
179,299,0.028,6.855
180,299,0.075,6.930
181,299,0.037,6.967
182,299,0.037,7.004
183,299,0.039,7.043
184,299,0.030,7.073
185,299,0.030,7.103
186,299,0.034,7.137
187,299,0.038,7.175
188,299,0.034,7.209
189,299,0.025,7.234
190,299,0.030,7.264
191,299,0.034,7.298
192,299,0.028,7.326
193,299,0.038,7.364
194,299,0.055,7.419
195,299,0.030,7.449
196,299,0.026,7.475
197,299,0.033,7.508
198,299,0.028,7.536
199,299,0.025,7.561
200,299,0.028,7.589
201,299,0.030,7.619
202,299,0.030,7.649
203,299,0.030,7.679
204,299,0.029,7.708
205,299,0.030,7.738
206,299,0.030,7.768
207,299,0.037,7.805
208,299,0.033,7.838
209,299,0.026,7.864
210,299,0.033,7.897
211,299,0.031,7.928
212,299,0.031,7.959
213,299,0.028,7.987
214,299,0.026,8.013
215,299,0.028,8.041
216,299,0.025,8.066
217,299,0.029,8.095
218,299,0.026,8.121
219,299,0.033,8.154
220,299,0.026,8.180
221,299,0.026,8.206
222,299,0.025,8.231
223,299,0.024,8.255
224,299,0.033,8.288
225,299,0.029,8.317
226,299,0.075,8.392
227,299,0.035,8.427
228,299,0.023,8.450
229,299,0.032,8.482
230,299,0.024,8.506
231,299,0.025,8.531
232,299,0.029,8.560
233,299,0.036,8.596
234,299,0.036,8.632
235,299,0.026,8.658
236,299,0.025,8.683
237,299,0.028,8.711
238,299,0.033,8.744
239,299,0.029,8.773
240,306,0.028,8.801
241,306,0.022,8.823
242,306,0.027,8.850
243,306,0.029,8.879
244,306,0.031,8.910
245,306,0.038,8.948
246,306,0.038,8.986
247,306,0.028,9.014
248,306,0.028,9.042
249,306,0.026,9.068
250,306,0.031,9.099
251,306,0.031,9.130
252,306,0.030,9.160
253,306,0.028,9.188
254,306,0.038,9.226
255,306,0.029,9.255
256,306,0.030,9.285
257,306,0.028,9.313
258,306,0.028,9.341
259,306,0.026,9.367
260,306,0.027,9.394
261,306,0.027,9.421
262,306,0.033,9.454
263,306,0.027,9.481
264,306,0.027,9.508
265,306,0.028,9.536
266,306,0.035,9.571
267,306,0.033,9.604
268,306,0.034,9.638
269,306,0.031,9.669
270,306,0.035,9.704
271,306,0.029,9.733
272,306,0.026,9.759
273,306,0.035,9.794
274,306,0.092,9.886
275,306,0.046,9.932
276,306,0.029,9.961
277,306,0.028,9.989
278,306,0.027,10.016
279,306,0.033,10.049
280,306,0.038,10.087
281,306,0.027,10.114
282,306,0.026,10.140
283,306,0.028,10.168
284,306,0.031,10.199
285,306,0.026,10.225
286,306,0.030,10.255
287,306,0.030,10.285
288,306,0.032,10.317
289,306,0.033,10.350
290,306,0.042,10.392
291,306,0.032,10.424
292,306,0.037,10.461
293,306,0.040,10.501
294,306,0.036,10.537
295,306,0.031,10.568
296,306,0.038,10.606
297,306,0.034,10.640
298,306,0.031,10.671
299,306,0.031,10.702
300,306,0.033,10.735
301,306,0.032,10.767
302,306,0.028,10.795
303,306,0.028,10.823
304,306,0.033,10.856
305,306,0.027,10.883
306,306,0.030,10.913
307,306,0.031,10.944
308,306,0.033,10.977
309,306,0.032,11.009
310,316,0.032,11.041
311,316,0.031,11.072
312,316,0.030,11.102
313,316,0.031,11.133
314,316,0.027,11.160
315,316,0.028,11.188
316,316,0.030,11.218
317,316,0.031,11.249
318,316,0.035,11.284
319,316,0.031,11.315
320,316,0.062,11.377
321,316,0.037,11.414
322,316,0.031,11.445
323,316,0.029,11.474
324,316,0.026,11.500
325,316,0.036,11.536
326,316,0.029,11.565
327,316,0.026,11.591
328,316,0.026,11.617
329,316,0.028,11.645
330,316,0.026,11.671
331,316,0.030,11.701
332,316,0.029,11.730
333,316,0.028,11.758
334,316,0.030,11.788
335,316,0.036,11.824
336,316,0.029,11.853
337,316,0.027,11.880
338,316,0.030,11.910
339,316,0.026,11.936
340,316,0.028,11.964
341,316,0.034,11.998
342,316,0.036,12.034
343,316,0.035,12.069
344,316,0.026,12.095
345,316,0.029,12.124
346,316,0.026,12.150
347,316,0.026,12.176
348,316,0.035,12.211
349,316,0.029,12.240
350,316,0.027,12.267
351,316,0.035,12.302
352,316,0.032,12.334
353,316,0.032,12.366
354,316,0.029,12.395
355,316,0.032,12.427
356,316,0.037,12.464
357,316,0.038,12.502
358,316,0.034,12.536
359,316,0.023,12.559
360,316,0.028,12.587
361,316,0.034,12.621
362,316,0.026,12.647
363,316,0.023,12.670
364,316,0.027,12.697
365,316,0.023,12.720
366,316,0.032,12.752
367,316,0.030,12.782
368,316,0.028,12.810
369,316,0.023,12.833
370,316,0.025,12.858
371,316,0.027,12.885
372,316,0.037,12.922
373,316,0.034,12.956
374,316,0.031,12.987
375,316,0.032,13.019
376,316,0.025,13.044
377,316,0.025,13.069
378,316,0.023,13.092
379,316,0.023,13.115
380,316,0.089,13.204
381,316,0.031,13.235
382,316,0.027,13.262
383,316,0.028,13.290
384,316,0.030,13.320
385,316,0.027,13.347
386,316,0.035,13.382
387,316,0.027,13.409
388,316,0.032,13.441
389,316,0.032,13.473
390,316,0.026,13.499
391,316,0.025,13.524
392,316,0.026,13.550
393,316,0.025,13.575
394,316,0.026,13.601
395,316,0.023,13.624
396,316,0.029,13.653
397,316,0.030,13.683
398,316,0.024,13.707
399,316,0.026,13.733
400,316,0.033,13.766
401,316,0.027,13.793
402,316,0.034,13.827
403,316,0.028,13.855
404,316,0.024,13.879
405,316,0.030,13.909
406,316,0.046,13.955
4