Generation,Best,Time,Total_Time
0,675,0.815,0.815
1,679,0.565,1.380
2,679,0.602,1.982
3,694,0.761,2.743
4,699,0.676,3.419
5,699,0.621,4.040
6,707,0.613,4.653
7,707,0.631,5.284
8,711,0.558,5.842
9,711,0.598,6.440
10,711,0.568,7.008
11,719,0.632,7.640
12,719,0.650,8.290
13,719,0.548,8.838
14,727,0.588,9.426
15,727,0.540,9.966
16,735,0.554,10.520
17,735,0.555,11.075
18,737,0.585,11.660
19,737,0.677,12.337
20,737,0.525,12.862
21,738,0.552,13.414
22,772,0.550,13.964
23,772,0.531,14.495
24,772,0.510,15.005
25,772,0.519,15.524
26,776,0.516,16.040
27,776,0.551,16.591
28,778,0.555,17.146
29,778,0.563,17.709
30,778,0.525,18.234
31,778,0.534,18.768
32,778,0.509,19.277
33,778,0.614,19.891
34,778,0.522,20.413
35,778,0.539,20.952
36,778,0.545,21.497
37,778,0.601,22.098
38,778,0.515,22.613
39,778,0.567,23.180
40,778,0.601,23.781
41,778,0.523,24.304
42,778,0.531,24.835
43,778,0.553,25.388
44,778,0.619,26.007
45,778,0.561,26.568
46,778,0.575,27.143
47,778,0.549,27.692
48,778,0.578,28.270
49,778,0.559,28.829
50,778,0.538,29.367
51,778,0.547,29.914
52,778,0.721,30.635
53,778,0.551,31.186
54,778,0.638,31.824
55,778,0.569,32.393
56,778,0.591,32.984
57,778,0.576,33.560
58,778,0.586,34.146
59,778,0.653,34.799
60,778,0.656,35.455
61,778,0.633,36.088
62,778,0.696,36.784
63,778,0.724,37.508
64,778,0.670,38.178
65,778,0.716,38.894
66,778,0.638,39.532
67,778,0.626,40.158
68,778,0.678,40.836
69,778,0.583,41.419
70,778,0.573,41.992
71,778,0.590,42.582
72,778,0.563,43.145
73,778,0.525,43.670
74,778,0.611,44.281
75,778,0.567,44.848
76,778,0.634,45.482
77,778,0.522,46.004
78,778,0.568,46.572
79,779,0.552,47.124
80,779,0.580,47.704
81,779,0.622,48.326
82,779,0.569,48.895
83,779,0.513,49.408
84,779,0.618,50.026
85,779,0.554,50.580
86,779,0.531,51.111
87,779,0.592,51.703
88,779,0.562,52.265
89,779,0.524,52.789
90,779,0.562,53.351
91,779,0.551,53.902
92,779,0.642,54.544
93,779,0.662,55.206
94,779,0.544,55.750
95,779,0.539,56.289
96,779,0.517,56.806
97,779,0.564,57.370
98,779,0.518,57.888
99,779,0.528,58.416
100,779,0.608,59.024
101,779,0.667,59.691
102,779,0.558,60.249
103,779,0.523,60.772
104,779,0.519,61.291
105,779,0.633,61.924
106,779,0.557,62.481
107,779,0.537,63.018
108,794,0.568,63.586
109,794,0.547,64.133
110,794,0.546,64.679
111,794,0.559,65.238
112,794,0.589,65.827
113,794,0.568,66.395
114,794,0.606,67.001
115,794,0.537,67.538
116,794,0.531,68.069
117,794,0.539,68.608
118,794,0.575,69.183
119,796,0.571,69.754
120,796,0.688,70.442
121,796,0.572,71.014
122,797,0.631,71.645
123,797,0.564,72.209
124,797,0.570,72.779
125,797,0.595,73.374
126,797,0.594,73.968
127,797,0.713,74.681
128,797,0.580,75.261
129,797,0.589,75.850
130,797,0.567,76.417
131,797,0.618,77.035
132,797,0.585,77.620
133,797,0.606,78.226
134,797,0.612,78.838
135,797,0.548,79.386
136,797,0.537,79.923
137,798,0.529,80.452
138,798,0.546,80.998
139,798,0.560,81.558
140,798,0.547,82.105
141,798,0.554,82.659
142,798,0.529,83.188
143,798,0.585,83.773
144,798,0.538,84.311
145,798,0.528,84.839
146,798,0.527,85.366
147,798,0.561,85.927
148,798,0.810,86.737
149,798,0.589,87.326
150,798,0.640,87.966
151,798,0.657,88.623
152,798,0.585,89.208
153,798,0.565,89.773
154,798,0.638,90.411
155,798,0.659,91.070
156,798,0.627,91.697
157,798,0.663,92.360
158,798,0.542,92.902
159,798,0.639,93.541
160,798,0.594,94.135
161,798,0.607,94.742
162,798,0.562,95.304
163,798,0.622,95.926
164,798,0.546,96.472
165,798,0.559,97.031
166,798,0.566,97.597
167,798,0.584,98.181
168,798,0.564,98.745
169,798,0.641,99.386
170,798,0.599,99.985
171,798,0.554,100.539
172,798,0.589,101.128
173,798,0.569,101.697
174,798,0.588,102.285
175,798,0.582,102.867
176,798,0.637,103.504
177,798,0.536,104.040
178,798,0.555,104.595
179,798,0.553,105.148
180,798,0.564,105.712
181,798,0.531,106.243
182,798,0.563,106.806
183,798,0.601,107.407
184,798,0.552,107.959
185,798,0.629,108.588
186,798,0.737,109.325
187,798,0.619,109.944
188,798,0.588,110.532
189,798,0.567,111.099
190,798,0.543,111.642
191,798,0.541,112.183
192,798,0.613,112.796
193,798,0.663,113.459
194,798,0.523,113.982
195,798,0.511,114.493
196,798,0.555,115.048
197,798,0.538,115.586
198,798,0.516,116.102
199,798,0.517,116.619
200,798,0.533,117.152
201,798,0.681,117.833
202,798,0.607,118.440
203,798,0.606,119.046
204,798,0.557,119.603
205,798,0.550,120.153
206,812,0.629,120.782
207,812,0.653,121.435
208,812,0.706,122.141
209,812,0.624,122.765
210,812,0.627,123.392
211,812,0.561,123.953
212,812,0.626,124.579
213,812,0.580,125.159
214,812,0.654,125.813
215,812,0.539,126.352
216,813,0.544,126.896
217,813,0.550,127.446
218,813,0.569,128.015
219,813,0.579,128.594
220,813,0.542,129.136
221,815,0.515,129.651
222,815,0.563,130.214
223,815,0.537,130.751
224,815,0.535,131.286
225,815,0.553,131.839
226,815,0.550,132.389
227,815,0.511,132.900
228,815,0.563,133.463
229,815,0.524,133.987
230,815,0.523,134.510
231,815,0.558,135.068
232,815,0.540,135.608
233,815,0.532,136.140
234,815,0.576,136.716
235,815,0.663,137.379
236,815,0.711,138.090
237,815,0.592,138.682
238,815,0.559,139.241
239,815,0.616,139.857
240,815,0.627,140.484
241,815,0.585,141.069
242,815,0.578,141.647
243,815,0.593,142.240
244,815,0.552,142.792
245,815,0.562,143.354
246,815,0.539,143.893
247,815,0.575,144.468
248,815,0.587,145.055
249,815,0.529,145.584
250,815,0.581,146.165
251,815,0.545,146.710
252,835,0.687,147.397
253,835,0.527,147.924
254,835,0.638,148.562
255,835,0.541,149.103
256,835,0.772,149.875
257,835,0.538,150.413
258,835,0.555,150.968
259,835,0.578,151.546
260,835,0.586,152.132
261,835,0.557,152.689
262,835,0.646,153.335
263,835,0.785,154.120
264,835,0.669,154.789
265,835,0.555,155.344
266,835,0.538,155.882
267,835,0.578,156.460
268,835,0.587,157.047
269,835,0.531,157.578
270,835,0.568,158.146
271,835,0.539,158.685
272,835,0.576,159.261
273,835,0.628,159.889
274,835,0.533,160.422
275,835,0.547,160.969
276,835,0.572,161.541
277,835,0.540,162.081
278,835,0.667,162.748
279,835,0.540,163.288
280,835,0.548,163.836
281,835,0.592,164.428
282,835,0.557,164.985
283,835,0.580,165.565
284,835,0.782,166.347
285,835,0.559,166.906
286,835,0.542,167.448
287,835,0.547,167.995
288,835,0.541,168.536
289,835,0.708,169.244
290,835,0.553,169.797
291,836,0.547,170.344
292,836,0.549,170.893
293,836,0.601,171.494
294,836,0.654,172.148
295,836,0.587,172.735
296,836,0.603,173.338
297,836,0.867,174.205
298,836,0.573,174.778
299,836,0.584,175.362
300,836,0.543,175.905
301,836,0.566,176.471
302,836,0.726,177.197
303,836,0.558,177.755
304,836,0.569,178.324
305,836,0.582,178.906
306,836,0.599,179.505
307,837,0.605,180.110
308,837,0.644,180.754
309,837,0.952,181.706
310,837,0.686,182.392
311,837,0.719,183.111
312,837,0.629,183.740
313,837,0.686,184.426
314,837,0.596,185.022
315,837,0.636,185.658
316,837,0.653,186.311
317,837,0.623,186.934
318,837,0.621,187.555
319,837,0.628,188.183
320,837,0.634,188.817
321,837,0.559,189.376
322,837,0.563,189.939
323,837,0.695,190.634
324,837,0.792,191.426
325,837,0.607,192.033
326,837,0.565,192.598
327,837,0.570,193.168
328,837,0.586,193.754
329,837,0.555,194.309
330,837,0.658,194.967
331,837,0.555,195.522
332,837,0.594,196.116
333,837,0.601,196.717
334,837,0.581,197.298
335,837,0.559,197.857
336,837,0.602,198.459
337,837,0.593,199.052
338,837,0.620,199.672
339,837,0.658,200.330
340,837,0.602,200.932
341,837,0.663,201.595
342,837,0.517,202.112
343,837,0.606,202.718
344,837,0.605,203.323
345,837,0.602,203.925
346,837,0.610,204.535
347,837,0.548,205.083
348,837,0.575,205.658
349,837,0.562,206.220
350,837,0.626,206.846
351,837,0.558,207.404
352,837,0.543,207.947
353,837,0.582,208.529
354,837,0.563,209.092
355,837,0.568,209.660
356,837,0.603,210.263
357,837,0.641,210.904
358,837,0.603,211.507
359,837,0.681,212.188
360,837,0.606,212.794
361,838,0.600,213.394
362,838,0.551,213.945
363,838,0.551,214.496
364,838,0.601,215.097
365,838,0.573,215.670
366,838,0.630,216.300
367,838,0.589,216.889
368,838,0.588,217.477
369,838,0.607,218.084
370,838,0.606,218.690
371,838,0.557,219.247
372,838,0.541,219.788
373,838,0.617,220.405
374,838,0.602,221.007
375,838,0.516,221.523
376,838,0.517,222.040
377,838,0.536,222.576
378,838,0.580,223.156
379,838,0.516,223.672
380,838,0.546,224.218
381,838,0.519,224.737
382,838,0.562,225.299
383,838,0.552,225.851
384,838,0