Generation,Best,Time,Total_Time
0,658,0.754,0.754
1,668,0.627,1.381
2,680,0.602,1.983
3,698,0.732,2.715
4,699,0.741,3.456
5,716,1.130,4.586
6,716,1.132,5.718
7,716,0.956,6.674
8,736,0.970,7.644
9,736,0.789,8.433
10,736,0.748,9.181
11,736,0.863,10.044
12,736,0.787,10.831
13,736,0.889,11.720
14,736,0.763,12.483
15,736,0.678,13.161
16,736,0.605,13.766
17,736,0.569,14.335
18,736,0.562,14.897
19,736,0.605,15.502
20,736,0.625,16.127
21,736,0.630,16.757
22,738,1.012,17.769
23,738,0.575,18.344
24,738,0.599,18.943
25,738,0.618,19.561
26,738,0.588,20.149
27,739,0.569,20.718
28,739,0.741,21.459
29,755,0.684,22.143
30,756,0.606,22.749
31,756,0.643,23.392
32,756,0.608,24.000
33,757,0.613,24.613
34,757,0.631,25.244
35,757,0.608,25.852
36,758,0.643,26.495
37,758,0.605,27.100
38,758,0.592,27.692
39,758,0.581,28.273
40,768,0.590,28.863
41,768,0.616,29.479
42,776,0.621,30.100
43,776,0.621,30.721
44,776,0.697,31.418
45,776,0.597,32.015
46,776,0.612,32.627
47,776,0.631,33.258
48,776,0.632,33.890
49,777,0.636,34.526
50,777,0.615,35.141
51,778,0.670,35.811
52,778,0.626,36.437
53,778,0.663,37.100
54,778,0.666,37.766
55,778,0.637,38.403
56,778,0.600,39.003
57,778,0.609,39.612
58,778,0.573,40.185
59,778,0.639,40.824
60,778,0.593,41.417
61,778,0.627,42.044
62,778,0.813,42.857
63,778,0.574,43.431
64,778,0.595,44.026
65,778,0.629,44.655
66,778,0.661,45.316
67,778,0.650,45.966
68,778,0.584,46.550
69,778,0.588,47.138
70,778,0.602,47.740
71,778,0.626,48.366
72,778,0.663,49.029
73,778,0.659,49.688
74,778,1.050,50.738
75,778,0.652,51.390
76,778,0.954,52.344
77,778,0.719,53.063
78,778,0.978,54.041
79,778,0.768,54.809
80,778,0.835,55.644
81,778,0.776,56.420
82,778,0.708,57.128
83,778,0.749,57.877
84,798,0.742,58.619
85,798,0.703,59.322
86,798,0.816,60.138
87,798,0.701,60.839
88,798,0.733,61.572
89,798,0.659,62.231
90,798,0.790,63.021
91,798,1.116,64.137
92,798,1.310,65.447
93,798,1.099,66.546
94,798,1.201,67.747
95,798,0.908,68.655
96,798,1.095,69.750
97,798,0.878,70.628
98,798,1.226,71.854
99,798,0.934,72.788
100,798,0.778,73.566
101,798,1.002,74.568
102,798,0.722,75.290
103,798,0.690,75.980
104,798,0.632,76.612
105,798,0.688,77.300
106,798,0.684,77.984
107,798,0.587,78.571
108,798,0.728,79.299
109,798,0.668,79.967
110,798,0.625,80.592
111,798,0.581,81.173
112,798,0.581,81.754
113,798,0.622,82.376
114,798,0.607,82.983
115,798,0.600,83.583
116,798,0.634,84.217
117,798,0.695,84.912
118,798,0.596,85.508
119,798,0.628,86.136
120,798,0.773,86.909
121,798,0.618,87.527
122,798,0.939,88.466
123,798,1.432,89.898
124,798,1.004,90.902
125,798,0.914,91.816
126,798,0.700,92.516
127,798,0.618,93.134
128,798,0.670,93.804
129,798,0.613,94.417
130,798,0.631,95.048
131,798,0.680,95.728
132,798,0.700,96.428
133,798,0.810,97.238
134,798,0.872,98.110
135,798,0.759,98.869
136,798,0.845,99.714
137,798,0.649,100.363
138,798,0.622,100.985
139,798,0.666,101.651
140,798,0.630,102.281
141,798,0.727,103.008
142,798,0.679,103.687
143,798,0.691,104.378
144,798,0.654,105.032
145,798,0.631,105.663
146,798,0.634,106.297
147,798,0.691,106.988
148,798,0.617,107.605
149,798,0.632,108.237
150,798,0.651,108.888
151,799,0.633,109.521
152,799,0.668,110.189
153,799,0.673,110.862
154,799,0.619,111.481
155,799,0.611,112.092
156,799,0.674,112.766
157,799,0.663,113.429
158,799,0.628,114.057
159,799,0.627,114.684
160,799,0.622,115.306
161,799,0.660,115.966
162,799,0.621,116.587
163,799,0.749,117.336
164,799,0.694,118.030
165,799,0.678,118.708
166,799,0.699,119.407
167,799,0.914,120.321
168,799,0.634,120.955
169,799,0.673,121.628
170,799,0.643,122.271
171,799,0.667,122.938
172,799,0.682,123.620
173,799,0.724,124.344
174,799,0.648,124.992
175,799,0.720,125.712
176,799,0.638,126.350
177,799,0.655,127.005
178,799,0.767,127.772
179,799,0.733,128.505
180,799,0.670,129.175
181,799,0.608,129.783
182,799,0.662,130.445
183,799,0.605,131.050
184,799,0.672,131.722
185,799,0.629,132.351
186,799,0.669,133.020
187,799,0.636,133.656
188,799,0.687,134.343
189,799,0.770,135.113
190,799,0.707,135.820
191,799,0.644,136.464
192,799,0.702,137.166
193,799,0.827,137.993
194,799,0.747,138.740
195,799,0.671,139.411
196,799,0.873,140.284
197,799,1.076,141.360
198,799,0.801,142.161
199,799,0.761,142.922
200,799,0.694,143.616
201,799,0.689,144.305
202,799,0.777,145.082
203,799,0.713,145.795
204,799,0.673,146.468
205,799,0.728,147.196
206,799,0.820,148.016
207,799,0.720,148.736
208,799,0.780,149.516
209,799,0.790,150.306
210,799,0.792,151.098
211,799,0.697,151.795
212,800,0.730,152.525
213,805,0.660,153.185
214,805,0.691,153.876
215,805,0.667,154.543
216,805,0.675,155.218
217,805,0.695,155.913
218,805,0.781,156.694
219,805,0.765,157.459
220,805,0.857,158.316
221,807,0.959,159.275
222,807,0.722,159.997
223,810,0.688,160.685
224,810,0.652,161.337
225,810,0.690,162.027
226,810,0.706,162.733
227,810,1.139,163.872
228,810,0.677,164.549
229,810,0.771,165.320
230,810,0.793,166.113
231,810,0.654,166.767
232,810,0.796,167.563
233,810,0.663,168.226
234,810,0.755,168.981
235,810,0.689,169.670
236,810,0.689,170.359
237,810,0.739,171.098
238,810,0.951,172.049
239,810,0.718,172.767
240,810,0.652,173.419
241,810,0.639,174.058
242,810,0.666,174.724
243,819,0.733,175.457
244,819,0.798,176.255
245,819,0.766,177.021
246,819,0.704,177.725
247,819,0.655,178.380
248,819,0.690,179.070
249,819,0.705,179.775
250,819,0.733,180.508
251,819,0.650,181.158
252,819,0.825,181.983
253,819,0.713,182.696
254,819,1.075,183.771
255,819,0.623,184.394
256,819,0.670,185.064
257,819,0.647,185.711
258,819,0.672,186.383
259,819,0.812,187.195
260,819,0.664,187.859
261,819,0.669,188.528
262,819,0.656,189.184
263,819,0.656,189.840
264,819,0.660,190.500
265,819,0.652,191.152
266,819,0.768,191.920
267,819,0.758,192.678
268,819,0.731,193.409
269,819,0.653,194.062
270,819,0.642,194.704
271,819,0.678,195.382
272,819,0.717,196.099
273,819,0.849,196.948
274,819,0.724,197.672
275,819,0.672,198.344
276,819,0.692,199.036
277,819,0.737,199.773
278,819,0.685,200.458
279,819,0.696,201.154
280,819,0.765,201.919
281,819,0.701,202.620
282,819,0.751,203.371
283,819,0.982,204.353
284,819,0.704,205.057
285,819,0.693,205.750
286,819,0.795,206.545
287,819,0.724,207.269
288,819,0.697,207.966
289,819,0.742,208.708
290,819,0.662,209.370
291,819,0.686,210.056
292,819,0.645,210.701
293,819,0.745,211.446
294,819,0.771,212.217
295,819,0.694,212.911
296,819,0.700,213.611
297,819,0.884,214.495
298,819,0.692,215.187
299,819,0.773,215.960
300,819,0.810,216.770
301,819,0.675,217.445
302,819,0.678,218.123
303,819,0.732,218.855
304,819,0.686,219.541
305,819,0.698,220.239
306,819,0.724,220.963
307,819,0.704,221.667
308,819,0.782,222.449
309,819,0.784,223.233
310,819,0.710,223.943
311,819,1.267,225.210
312,819,0.852,226.062
313,819,0.714,226.776
314,819,0.736,227.512
315,819,0.745,228.257
316,819,0.705,228.962
317,819,0.755,229.717
318,819,0.768,230.485
319,819,0.782,231.267
320,819,0.691,231.958
321,819,0.662,232.620
322,819,0.663,233.283
323,819,0.781,234.064
324,819,0.729,234.793
325,819,0.740,235.533
326,819,0.813,236.346
327,819,0.738,237.084
328,819,0.735,237.819
329,819,0.712,238.531
330,819,0.741,239.272
331,819,0.693,239.965
332,819,0.767,240.732
333,819,0.715,241.447
334,819,0.822,242.269
335,819,0.700,242.969
336,819,0.671,243.640
337,819,0.712,244.352
338,819,0.631,244.983
339,819,0.747,245.730
340,819,0.665,246.395
341,819,0.694,247.089
342,819,1.074,248.163
343,819,0.677,248.840
344,819,0.680,249.520
345,819,0.673,250.193
346,819,0.771,250.964
347,819,0.748,251.712
348,819,0.726,252.438
349,819,0.714,253.152
350,819,0.666,253.818
351,819,0.670,254.488
352,819,0.776,255.264
353,819,0.745,256.009
354,819,0.674,256.683
355,819,0.708,257.391
356,819,1.051,258.442
357,819,0.956,259.398
358,819,0.861,260.259
359,819,0.769,261.028
360,819,0.716,261.744
361,819,0.771,262.515
362,819,0.738,263.253
363,823,0.741,263.994
364,823,0.730,264.724
365,823,0.792,265.516
366,834,0.686,266.202
367,834,0.721,266.923
368,834,0.752,267.675
369,834,0.706,268.381
370,834,1.080,269.461
371,834,0.752,270.213
372,834,0.734,270.947
373,834,0.741,271.688
374,834,0.710,272.398
375,834,0.698,273.096
376,834,0.812,273.908
377,834,0.844,274.752
378,834,0.689,275.441
379,834,0.715,276.156
380,834,0.682,276.838
381,834,0.737,277.575
382,834,0.739,